50000 4.769230769230769 0.203125
100000 8.23076923076923 0.234375
150000 8.884615384615385 0.25
200000 9.211538461538462 0.171875
250000 9.26923076923077 0.1875
300000 10.26923076923077 0.25
350000 10.5 0.171875
400000 10.961538461538462 0.25
450000 10.865384615384615 0.21875
500000 10.26923076923077 0.265625
550000 10.25 0.3125
600000 10.48076923076923 0.21875
650000 9.923076923076923 0.21875
700000 10.423076923076923 0.171875
750000 10.557692307692308 0.171875
800000 10.384615384615385 0.171875
850000 10.576923076923077 1.078125
900000 10.73076923076923 0.234375
950000 10.692307692307692 0.203125
1000000 10.461538461538462 0.21875
1050000 10.115384615384615 0.28125
1100000 10.75 0.234375
1150000 11.057692307692308 0.234375
1200000 10.51923076923077 0.265625
1250000 11.326923076923077 0.1875
1300000 11.461538461538462 0.234375
1350000 11.25 0.234375
1400000 10.73076923076923 0.1875
1450000 10.846153846153847 1.4375
1500000 11.01923076923077 0.3125
1550000 11.115384615384615 0.25
1600000 11.596153846153847 0.234375
1650000 11.48076923076923 0.265625
1700000 11.076923076923077 0.3125
1750000 10.961538461538462 0.3125
1800000 11.076923076923077 0.234375
1850000 11.115384615384615 0.234375
1900000 11.038461538461538 0.1875
1950000 11.26923076923077 0.3125
2000000 11.442307692307692 0.3125
2050000 11.653846153846153 0.296875
2100000 11.961538461538462 0.328125
2150000 11.653846153846153 0.234375
2200000 11.557692307692308 0.25
2250000 11.634615384615385 0.25
2300000 11.73076923076923 0.796875
2350000 11.807692307692308 0.328125
2400000 11.576923076923077 0.234375
2450000 11.096153846153847 0.265625
2500000 11.038461538461538 0.234375
2550000 11.76923076923077 0.296875
2600000 11.51923076923077 0.234375
2650000 11.461538461538462 0.234375
2700000 11.615384615384615 0.3125
2750000 11.26923076923077 0.25
2800000 11.5 0.3125
2850000 12.115384615384615 0.25
2900000 11.711538461538462 1.4375
2950000 11.538461538461538 0.234375
3000000 11.346153846153847 0.234375
