50000 3.5576923076923075 0.1875
100000 10.25 0.234375
150000 10.173076923076923 0.171875
200000 10.26923076923077 0.3125
250000 10.288461538461538 0.5
300000 10.096153846153847 0.1875
350000 10.01923076923077 0.296875
400000 10.23076923076923 0.3125
450000 10.211538461538462 0.1875
500000 10.365384615384615 0.1875
550000 10.346153846153847 0.3125
600000 10.326923076923077 0.3125
650000 10.25 0.3125
700000 10.23076923076923 0.25
750000 10.173076923076923 0.1875
800000 10.153846153846153 0.21875
850000 10.173076923076923 0.90625
900000 10.365384615384615 0.328125
950000 10.365384615384615 0.25
1000000 10.038461538461538 0.1875
1050000 10.0 0.265625
1100000 9.865384615384615 0.34375
1150000 10.134615384615385 0.1875
1200000 9.807692307692308 0.234375
1250000 10.326923076923077 0.234375
1300000 10.057692307692308 0.1875
1350000 10.384615384615385 0.3125
1400000 10.307692307692308 0.265625
1450000 10.384615384615385 1.484375
1500000 10.26923076923077 0.328125
1550000 10.384615384615385 0.21875
1600000 10.384615384615385 0.25
1650000 10.365384615384615 0.328125
1700000 10.365384615384615 0.4375
1750000 10.0 0.328125
1800000 10.134615384615385 0.34375
1850000 9.846153846153847 0.328125
1900000 10.134615384615385 0.1875
1950000 10.076923076923077 0.25
2000000 10.134615384615385 0.34375
2050000 10.134615384615385 0.34375
2100000 9.884615384615385 0.25
2150000 10.365384615384615 0.328125
2200000 9.865384615384615 0.1875
2250000 9.865384615384615 0.1875
2300000 9.884615384615385 0.953125
2350000 10.326923076923077 0.203125
2400000 10.384615384615385 0.1875
2450000 10.365384615384615 0.25
2500000 10.365384615384615 0.328125
2550000 10.384615384615385 0.1875
2600000 10.346153846153847 0.25
2650000 10.384615384615385 0.25
2700000 9.826923076923077 0.1875
2750000 10.326923076923077 0.1875
2800000 10.326923076923077 0.34375
2850000 10.307692307692308 0.1875
2900000 10.326923076923077 1.46875
2950000 10.326923076923077 0.25
3000000 10.307692307692308 0.25
