50000 4.038461538461538 0.1875
100000 8.038461538461538 0.296875
150000 9.673076923076923 0.21875
200000 9.596153846153847 0.234375
250000 10.211538461538462 0.296875
300000 10.711538461538462 0.21875
350000 10.576923076923077 0.234375
400000 10.26923076923077 0.234375
450000 10.365384615384615 0.234375
500000 10.692307692307692 0.265625
550000 10.653846153846153 0.21875
600000 10.5 0.28125
650000 10.942307692307692 0.171875
700000 10.711538461538462 0.234375
750000 10.615384615384615 0.171875
800000 10.25 0.234375
850000 10.653846153846153 0.984375
900000 10.634615384615385 0.234375
950000 10.923076923076923 0.3125
1000000 11.442307692307692 0.1875
1050000 11.211538461538462 0.328125
1100000 11.442307692307692 0.234375
1150000 10.76923076923077 0.3125
1200000 11.076923076923077 0.25
1250000 10.51923076923077 0.3125
1300000 11.307692307692308 0.234375
1350000 10.846153846153847 0.25
1400000 11.48076923076923 0.25
1450000 11.25 1.5625
1500000 10.923076923076923 0.234375
1550000 11.634615384615385 0.1875
1600000 11.634615384615385 0.25
1650000 11.307692307692308 0.1875
1700000 11.557692307692308 0.34375
1750000 11.51923076923077 0.1875
1800000 11.634615384615385 0.25
1850000 11.51923076923077 0.25
1900000 11.153846153846153 0.25
1950000 11.673076923076923 0.34375
2000000 11.692307692307692 0.328125
2050000 11.826923076923077 0.328125
2100000 11.826923076923077 0.28125
2150000 11.826923076923077 0.34375
2200000 11.903846153846153 0.203125
2250000 12.038461538461538 0.328125
2300000 12.057692307692308 0.828125
2350000 12.23076923076923 0.171875
2400000 11.98076923076923 0.25
2450000 12.057692307692308 0.265625
2500000 12.076923076923077 0.1875
2550000 11.788461538461538 0.28125
2600000 12.134615384615385 0.25
2650000 12.076923076923077 0.265625
2700000 11.923076923076923 0.21875
2750000 11.942307692307692 0.1875
2800000 12.01923076923077 0.1875
2850000 11.98076923076923 0.1875
2900000 12.01923076923077 1.453125
2950000 11.98076923076923 0.234375
3000000 12.01923076923077 0.25
