50000 0.09615384615384616 0.0625
100000 1.7307692307692308 1.25
150000 2.826923076923077 1.5
200000 3.269230769230769 1.5625
250000 4.576923076923077 1.703125
300000 4.5 1.53125
350000 4.9423076923076925 1.546875
400000 2.1923076923076925 1.375
450000 1.7307692307692308 1.578125
500000 1.3461538461538463 1.5
550000 0.9230769230769231 1.578125
600000 0.46153846153846156 1.375
650000 1.1730769230769231 1.390625
700000 5.9423076923076925 1.640625
750000 7.3076923076923075 1.375
800000 7.846153846153846 1.359375
850000 3.8653846153846154 1.625
900000 1.4038461538461537 1.578125
950000 1.25 1.671875
1000000 3.769230769230769 1.53125
1050000 4.634615384615385 1.59375
1100000 4.3076923076923075 1.671875
1150000 3.9038461538461537 1.625
1200000 3.0961538461538463 1.375
1250000 2.8653846153846154 1.5625
1300000 2.673076923076923 1.5
1350000 3.0576923076923075 1.5
1400000 2.769230769230769 1.5
1450000 2.1538461538461537 1.375
1500000 2.826923076923077 1.5625
1550000 2.1923076923076925 1.5625
1600000 2.0384615384615383 1.703125
1650000 3.173076923076923 1.515625
1700000 2.7115384615384617 1.609375
1750000 2.576923076923077 1.578125
1800000 2.5 1.515625
1850000 2.173076923076923 1.515625
1900000 1.7884615384615385 1.65625
1950000 1.3846153846153846 1.640625
2000000 1.6538461538461537 1.375
2050000 1.6346153846153846 1.625
2100000 1.6923076923076923 1.625
2150000 1.5769230769230769 1.640625
2200000 1.8076923076923077 1.59375
2250000 1.8076923076923077 1.546875
2300000 1.7307692307692308 1.5
2350000 1.2307692307692308 1.375
2400000 1.5961538461538463 1.546875
2450000 1.6730769230769231 1.375
2500000 1.5769230769230769 1.5
2550000 1.6153846153846154 1.03125
2600000 1.5961538461538463 1.375
2650000 1.3269230769230769 1.25
2700000 1.2884615384615385 1.0
2750000 1.1730769230769231 1.25
2800000 1.1923076923076923 1.453125
2850000 1.25 1.5
2900000 1.2884615384615385 1.25
2950000 1.0961538461538463 1.125
3000000 1.0 1.59375
