50000 0.09615384615384616 0.0625
100000 1.0961538461538463 1.375
150000 2.6153846153846154 1.65625
200000 2.769230769230769 1.578125
250000 2.75 1.671875
300000 2.769230769230769 1.515625
350000 1.7884615384615385 1.5625
400000 1.1346153846153846 1.625
450000 0.75 1.421875
500000 1.0769230769230769 1.578125
550000 2.230769230769231 1.6875
600000 2.7884615384615383 1.703125
650000 3.6923076923076925 1.5
700000 7.576923076923077 1.65625
750000 6.230769230769231 1.625
800000 3.019230769230769 1.59375
850000 2.9423076923076925 1.5
900000 6.0 1.375
950000 6.288461538461538 1.625
1000000 5.846153846153846 1.609375
1050000 6.230769230769231 1.25
1100000 6.211538461538462 1.609375
1150000 7.115384615384615 1.53125
1200000 5.730769230769231 1.65625
1250000 5.980769230769231 1.703125
1300000 6.788461538461538 1.34375
1350000 5.4423076923076925 1.625
1400000 5.634615384615385 1.703125
1450000 4.019230769230769 1.484375
1500000 4.923076923076923 1.4375
1550000 4.211538461538462 1.625
1600000 4.0576923076923075 1.578125
1650000 3.730769230769231 1.609375
1700000 4.096153846153846 1.515625
1750000 4.1923076923076925 1.515625
1800000 3.730769230769231 1.515625
1850000 5.019230769230769 1.625
1900000 5.1923076923076925 1.515625
1950000 4.8076923076923075 1.53125
2000000 5.980769230769231 1.515625
2050000 4.788461538461538 1.5625
2100000 5.1923076923076925 1.515625
2150000 5.3076923076923075 1.65625
2200000 5.5 1.203125
2250000 5.384615384615385 1.515625
2300000 5.923076923076923 1.625
2350000 6.096153846153846 1.625
2400000 6.365384615384615 1.625
2450000 7.673076923076923 1.515625
2500000 7.25 1.59375
2550000 8.25 1.59375
2600000 8.057692307692308 1.5
2650000 8.73076923076923 1.375
2700000 8.038461538461538 1.515625
2750000 8.634615384615385 1.640625
2800000 8.23076923076923 1.515625
2850000 8.038461538461538 1.640625
2900000 9.076923076923077 1.546875
2950000 8.98076923076923 1.5
3000000 9.326923076923077 1.59375
