50000 0.2692307692307692 0.0625
100000 1.6153846153846154 1.375
150000 2.326923076923077 1.5
200000 2.826923076923077 1.703125
250000 3.4423076923076925 1.625
300000 3.076923076923077 1.625
350000 3.1538461538461537 1.703125
400000 2.269230769230769 1.625
450000 1.2115384615384615 1.5
500000 1.1153846153846154 1.5
550000 0.5769230769230769 1.40625
600000 0.6538461538461539 1.375
650000 3.3653846153846154 1.640625
700000 4.826923076923077 1.609375
750000 4.115384615384615 1.625
800000 2.423076923076923 1.5
850000 1.5961538461538463 1.5625
900000 1.4615384615384615 1.234375
950000 4.0 1.5
1000000 3.8461538461538463 1.515625
1050000 4.134615384615385 1.609375
1100000 4.788461538461538 1.640625
1150000 5.134615384615385 1.53125
1200000 4.519230769230769 1.625
1250000 4.923076923076923 1.53125
1300000 4.826923076923077 1.515625
1350000 5.096153846153846 1.515625
1400000 5.4423076923076925 1.71875
1450000 4.769230769230769 1.640625
1500000 3.9423076923076925 1.65625
1550000 3.8653846153846154 1.671875
1600000 3.75 1.375
1650000 3.2115384615384617 1.25
1700000 2.5961538461538463 1.578125
1750000 2.769230769230769 1.4375
1800000 2.6923076923076925 1.25
1850000 2.3846153846153846 1.703125
1900000 3.4038461538461537 1.5625
1950000 3.1923076923076925 1.546875
2000000 3.076923076923077 1.671875
2050000 3.673076923076923 1.546875
2100000 3.230769230769231 1.53125
2150000 3.3846153846153846 1.34375
2200000 3.6153846153846154 1.5
2250000 4.0576923076923075 1.640625
2300000 4.269230769230769 1.640625
2350000 4.346153846153846 1.625
2400000 3.5961538461538463 1.5625
2450000 3.5961538461538463 1.515625
2500000 3.673076923076923 1.609375
2550000 4.5 1.640625
2600000 4.3076923076923075 1.625
2650000 4.576923076923077 1.515625
2700000 4.423076923076923 1.609375
2750000 4.961538461538462 1.546875
2800000 5.230769230769231 1.609375
2850000 4.865384615384615 1.71875
2900000 5.615384615384615 1.625
2950000 5.173076923076923 1.546875
3000000 4.0 1.640625
