50000 0.17307692307692307 0.0625
100000 1.2884615384615385 1.375
150000 2.8076923076923075 1.25
200000 3.1153846153846154 1.625
250000 3.576923076923077 1.25
300000 4.288461538461538 1.546875
350000 5.288461538461538 1.625
400000 4.173076923076923 1.59375
450000 1.8269230769230769 1.375
500000 1.4615384615384615 1.484375
550000 1.4615384615384615 1.609375
600000 0.6730769230769231 1.59375
650000 1.6923076923076923 1.5
700000 4.173076923076923 1.515625
750000 2.826923076923077 1.203125
800000 2.576923076923077 1.6875
850000 3.423076923076923 1.640625
900000 3.3846153846153846 1.515625
950000 3.1153846153846154 1.375
1000000 2.25 1.0
1050000 2.25 1.5
1100000 2.1346153846153846 1.125
1150000 2.6538461538461537 1.515625
1200000 2.8461538461538463 1.5
1250000 3.25 1.578125
1300000 3.1538461538461537 1.625
1350000 3.519230769230769 1.515625
1400000 3.1346153846153846 1.578125
1450000 2.6153846153846154 1.609375
1500000 2.75 1.515625
1550000 3.0576923076923075 1.625
1600000 2.4423076923076925 1.5
1650000 2.1346153846153846 1.5
1700000 2.1538461538461537 1.46875
1750000 1.7115384615384615 1.625
1800000 1.5384615384615385 1.5
1850000 1.3653846153846154 1.546875
1900000 1.1923076923076923 1.640625
1950000 1.0769230769230769 1.5
2000000 1.2307692307692308 1.390625
2050000 1.3846153846153846 1.5
2100000 1.7307692307692308 1.125
2150000 1.2307692307692308 1.640625
2200000 1.1923076923076923 1.5
2250000 1.5576923076923077 1.625
2300000 1.3076923076923077 1.5
2350000 1.2692307692307692 1.625
2400000 1.4423076923076923 1.5
2450000 1.3461538461538463 1.640625
2500000 1.6346153846153846 1.625
2550000 1.6730769230769231 1.25
2600000 1.6538461538461537 1.625
2650000 2.0961538461538463 1.53125
2700000 1.9423076923076923 1.640625
2750000 1.6923076923076923 1.53125
2800000 1.5192307692307692 1.515625
2850000 1.2115384615384615 1.25
2900000 1.5 1.6875
2950000 1.25 1.625
3000000 1.5576923076923077 1.515625
