50000 6.9423076923076925 0.171875
100000 9.442307692307692 0.34375
150000 9.76923076923077 0.1875
200000 9.846153846153847 0.1875
250000 9.807692307692308 0.546875
300000 10.076923076923077 0.25
350000 9.942307692307692 0.21875
400000 10.057692307692308 0.25
450000 9.961538461538462 0.28125
500000 10.153846153846153 0.25
550000 10.134615384615385 0.265625
600000 10.115384615384615 0.1875
650000 10.25 0.1875
700000 10.51923076923077 0.265625
750000 10.692307692307692 0.25
800000 10.538461538461538 0.34375
850000 10.634615384615385 0.984375
900000 10.557692307692308 0.25
950000 10.596153846153847 0.234375
1000000 10.673076923076923 0.25
1050000 10.711538461538462 0.1875
1100000 10.673076923076923 0.25
1150000 10.634615384615385 0.25
1200000 10.711538461538462 0.25
1250000 10.653846153846153 0.296875
1300000 10.51923076923077 0.3125
1350000 10.538461538461538 0.21875
1400000 10.73076923076923 0.265625
1450000 10.538461538461538 1.4375
1500000 10.461538461538462 0.28125
1550000 10.596153846153847 0.203125
1600000 10.615384615384615 0.25
1650000 10.615384615384615 0.1875
1700000 10.673076923076923 0.390625
1750000 10.596153846153847 0.265625
1800000 10.73076923076923 0.25
1850000 10.615384615384615 0.25
1900000 10.634615384615385 0.25
1950000 10.653846153846153 0.359375
2000000 10.673076923076923 0.34375
2050000 10.711538461538462 0.234375
2100000 10.711538461538462 0.296875
2150000 10.692307692307692 0.1875
2200000 10.807692307692308 0.34375
2250000 10.73076923076923 0.234375
2300000 10.75 0.96875
2350000 10.73076923076923 0.25
2400000 10.826923076923077 0.28125
2450000 10.846153846153847 0.25
2500000 10.846153846153847 0.25
2550000 10.807692307692308 0.328125
2600000 10.807692307692308 0.1875
2650000 10.865384615384615 0.3125
2700000 10.807692307692308 0.25
2750000 10.75 0.3125
2800000 10.788461538461538 0.25
2850000 10.865384615384615 0.1875
2900000 10.711538461538462 1.390625
2950000 10.75 0.34375
3000000 10.865384615384615 0.25
