50000 4.346153846153846 0.21875
100000 6.461538461538462 0.1875
150000 7.8076923076923075 0.203125
200000 7.730769230769231 0.21875
250000 9.0 0.40625
300000 9.788461538461538 0.265625
350000 10.403846153846153 0.171875
400000 10.365384615384615 0.234375
450000 9.884615384615385 0.1875
500000 10.134615384615385 0.234375
550000 9.76923076923077 0.203125
600000 9.807692307692308 0.15625
650000 9.846153846153847 0.28125
700000 9.75 0.25
750000 9.961538461538462 0.234375
800000 9.596153846153847 0.171875
850000 10.26923076923077 0.859375
900000 10.153846153846153 0.21875
950000 10.096153846153847 0.171875
1000000 9.73076923076923 0.3125
1050000 9.326923076923077 0.21875
1100000 9.903846153846153 0.3125
1150000 10.403846153846153 0.1875
1200000 10.173076923076923 0.296875
1250000 9.73076923076923 0.296875
1300000 10.173076923076923 0.171875
1350000 9.134615384615385 0.171875
1400000 11.057692307692308 0.3125
1450000 10.576923076923077 1.546875
1500000 10.01923076923077 0.21875
1550000 10.807692307692308 0.1875
1600000 10.76923076923077 0.296875
1650000 10.538461538461538 0.234375
1700000 10.096153846153847 0.234375
1750000 9.5 0.296875
1800000 9.711538461538462 0.21875
1850000 9.903846153846153 0.3125
1900000 9.884615384615385 0.21875
1950000 8.692307692307692 0.171875
2000000 8.557692307692308 0.21875
2050000 9.173076923076923 0.21875
2100000 10.25 0.296875
2150000 10.692307692307692 0.328125
2200000 10.923076923076923 0.234375
2250000 10.75 0.1875
2300000 10.846153846153847 0.703125
2350000 11.423076923076923 0.1875
2400000 10.73076923076923 0.328125
2450000 10.788461538461538 0.296875
2500000 10.942307692307692 0.1875
2550000 10.346153846153847 0.21875
2600000 10.211538461538462 0.3125
2650000 11.653846153846153 0.34375
2700000 11.01923076923077 0.234375
2750000 11.038461538461538 0.234375
2800000 11.692307692307692 0.34375
2850000 11.557692307692308 0.3125
2900000 11.5 1.40625
2950000 11.923076923076923 0.25
3000000 11.346153846153847 0.328125
