50000 7.0 0.296875
100000 9.134615384615385 0.171875
150000 10.057692307692308 0.21875
200000 10.153846153846153 0.1875
250000 10.826923076923077 0.421875
300000 11.692307692307692 0.328125
350000 12.076923076923077 0.1875
400000 12.076923076923077 0.1875
450000 12.192307692307692 0.3125
500000 12.115384615384615 0.328125
550000 12.211538461538462 0.25
600000 12.173076923076923 0.1875
650000 12.26923076923077 0.21875
700000 12.288461538461538 0.203125
750000 12.307692307692308 0.25
800000 12.307692307692308 0.203125
850000 12.346153846153847 1.03125
900000 12.26923076923077 0.203125
950000 12.173076923076923 0.1875
1000000 12.307692307692308 0.3125
1050000 12.25 0.1875
1100000 12.326923076923077 0.296875
1150000 12.25 0.234375
1200000 12.288461538461538 0.265625
1250000 12.307692307692308 0.34375
1300000 12.307692307692308 0.34375
1350000 12.25 0.265625
1400000 12.26923076923077 0.234375
1450000 12.25 1.546875
1500000 12.23076923076923 0.203125
1550000 12.173076923076923 0.25
1600000 11.923076923076923 0.265625
1650000 12.173076923076923 0.34375
1700000 12.346153846153847 0.34375
1750000 12.01923076923077 0.25
1800000 11.884615384615385 0.1875
1850000 12.23076923076923 0.34375
1900000 12.038461538461538 0.25
1950000 12.153846153846153 0.25
2000000 12.057692307692308 0.3125
2050000 11.923076923076923 0.296875
2100000 12.01923076923077 0.25
2150000 12.25 0.25
2200000 12.23076923076923 0.25
2250000 12.096153846153847 0.34375
2300000 12.23076923076923 0.875
2350000 12.288461538461538 0.34375
2400000 12.192307692307692 0.34375
2450000 12.192307692307692 0.34375
2500000 12.26923076923077 0.234375
2550000 12.23076923076923 0.34375
2600000 12.211538461538462 0.25
2650000 12.192307692307692 0.34375
2700000 12.211538461538462 0.203125
2750000 12.192307692307692 0.265625
2800000 12.25 0.25
2850000 12.288461538461538 0.203125
2900000 12.26923076923077 1.484375
2950000 12.26923076923077 0.1875
3000000 12.173076923076923 0.1875
