50000 7.788461538461538 0.140625
100000 9.442307692307692 0.15625
150000 9.788461538461538 0.15625
200000 9.846153846153847 0.171875
250000 10.153846153846153 0.625
300000 11.5 0.171875
350000 11.846153846153847 0.171875
400000 11.75 0.171875
450000 11.865384615384615 0.171875
500000 11.884615384615385 0.171875
550000 11.826923076923077 0.15625
600000 11.865384615384615 0.15625
650000 11.884615384615385 0.15625
700000 11.884615384615385 0.140625
750000 11.884615384615385 0.171875
800000 11.884615384615385 0.15625
850000 11.846153846153847 1.0625
900000 11.846153846153847 0.171875
950000 11.865384615384615 0.171875
1000000 11.884615384615385 0.171875
1050000 11.884615384615385 0.171875
1100000 11.884615384615385 0.171875
1150000 11.557692307692308 0.15625
1200000 11.826923076923077 0.171875
1250000 11.788461538461538 0.171875
1300000 11.884615384615385 0.15625
1350000 11.788461538461538 0.15625
1400000 11.884615384615385 0.171875
1450000 11.884615384615385 1.5
1500000 11.865384615384615 0.171875
1550000 11.788461538461538 0.15625
1600000 11.884615384615385 0.15625
1650000 11.76923076923077 0.171875
1700000 11.846153846153847 0.5
1750000 11.788461538461538 0.171875
1800000 11.865384615384615 0.15625
1850000 11.884615384615385 0.171875
1900000 11.884615384615385 0.171875
1950000 11.75 0.171875
2000000 11.788461538461538 0.15625
2050000 11.788461538461538 0.171875
2100000 11.788461538461538 0.171875
2150000 11.807692307692308 0.15625
2200000 11.826923076923077 0.15625
2250000 11.807692307692308 0.15625
2300000 11.865384615384615 0.84375
2350000 11.865384615384615 0.15625
2400000 11.807692307692308 0.171875
2450000 11.884615384615385 0.15625
2500000 11.807692307692308 0.15625
2550000 11.884615384615385 0.171875
2600000 11.884615384615385 0.15625
2650000 11.884615384615385 0.15625
2700000 11.884615384615385 0.15625
2750000 11.807692307692308 0.15625
2800000 11.865384615384615 0.171875
2850000 11.865384615384615 0.15625
2900000 11.865384615384615 1.40625
2950000 11.846153846153847 0.171875
3000000 11.846153846153847 0.171875
