50000 0.11538461538461539 0.0625
100000 2.3076923076923075 1.125
150000 1.7307692307692308 1.53125
200000 2.269230769230769 1.125
250000 3.9038461538461537 1.53125
300000 3.2884615384615383 1.578125
350000 2.75 1.5
400000 3.0961538461538463 1.25
450000 1.6923076923076923 1.125
500000 1.8653846153846154 1.59375
550000 1.1538461538461537 1.359375
600000 0.9615384615384616 1.375
650000 0.40384615384615385 0.875
700000 0.9038461538461539 1.453125
750000 1.4230769230769231 1.5
800000 3.3846153846153846 1.640625
850000 3.923076923076923 1.671875
900000 8.5 1.375
950000 5.711538461538462 1.25
1000000 3.173076923076923 1.640625
1050000 1.8076923076923077 1.59375
1100000 2.3653846153846154 1.5625
1150000 3.8461538461538463 1.546875
1200000 3.9038461538461537 1.609375
1250000 3.019230769230769 1.625
1300000 2.4423076923076925 1.375
1350000 2.673076923076923 1.375
1400000 3.3653846153846154 1.375
1450000 2.7884615384615383 1.640625
1500000 3.0576923076923075 1.5
1550000 2.5576923076923075 1.5625
1600000 2.8653846153846154 1.25
1650000 3.25 1.6875
1700000 3.25 1.640625
1750000 3.076923076923077 1.625
1800000 2.8653846153846154 1.625
1850000 2.7115384615384617 1.625
1900000 2.2884615384615383 1.578125
1950000 2.0576923076923075 1.125
2000000 2.0576923076923075 1.671875
2050000 1.8269230769230769 1.515625
2100000 2.019230769230769 1.46875
2150000 1.1730769230769231 1.625
2200000 1.75 1.0
2250000 1.6538461538461537 1.375
2300000 1.7307692307692308 1.328125
2350000 1.4230769230769231 1.25
2400000 1.4230769230769231 1.015625
2450000 1.4230769230769231 0.984375
2500000 1.5961538461538463 1.5
2550000 1.4807692307692308 1.390625
2600000 1.5961538461538463 1.25
2650000 1.7115384615384615 1.546875
2700000 1.2692307692307692 0.953125
2750000 1.5576923076923077 1.546875
2800000 1.5 1.640625
2850000 1.6730769230769231 1.0
2900000 1.5961538461538463 1.625
2950000 1.3461538461538463 1.375
3000000 1.7307692307692308 1.5625
