50000 4.403846153846154 0.140625
100000 8.096153846153847 0.21875
150000 7.788461538461538 0.21875
200000 8.403846153846153 0.21875
250000 9.692307692307692 0.4375
300000 10.115384615384615 0.171875
350000 10.0 0.28125
400000 9.442307692307692 0.171875
450000 9.442307692307692 0.296875
500000 9.461538461538462 0.21875
550000 9.942307692307692 0.21875
600000 10.192307692307692 0.296875
650000 10.576923076923077 0.171875
700000 10.115384615384615 0.15625
750000 10.25 0.15625
800000 9.923076923076923 0.296875
850000 10.634615384615385 1.0
900000 10.788461538461538 0.296875
950000 10.634615384615385 0.3125
1000000 10.557692307692308 0.171875
1050000 11.153846153846153 0.234375
1100000 11.596153846153847 0.328125
1150000 11.596153846153847 0.234375
1200000 11.51923076923077 0.25
1250000 11.403846153846153 0.3125
1300000 11.384615384615385 0.328125
1350000 11.307692307692308 0.234375
1400000 11.692307692307692 0.25
1450000 11.846153846153847 1.5625
1500000 11.865384615384615 0.1875
1550000 11.615384615384615 0.234375
1600000 11.846153846153847 0.25
1650000 11.807692307692308 0.25
1700000 12.26923076923077 0.34375
1750000 11.807692307692308 0.1875
1800000 11.75 0.328125
1850000 12.096153846153847 0.25
1900000 12.0 0.25
1950000 11.73076923076923 0.21875
2000000 12.01923076923077 0.328125
2050000 12.173076923076923 0.25
2100000 11.846153846153847 0.328125
2150000 11.788461538461538 0.25
2200000 11.711538461538462 0.34375
2250000 12.153846153846153 0.25
2300000 11.865384615384615 0.75
2350000 12.096153846153847 0.25
2400000 12.26923076923077 0.265625
2450000 12.26923076923077 0.1875
2500000 12.0 0.203125
2550000 12.076923076923077 0.234375
2600000 12.01923076923077 0.203125
2650000 12.23076923076923 0.328125
2700000 12.211538461538462 0.25
2750000 12.307692307692308 0.34375
2800000 12.307692307692308 0.234375
2850000 12.153846153846153 0.265625
2900000 12.211538461538462 1.359375
2950000 12.096153846153847 0.1875
3000000 12.23076923076923 0.328125
