50000 0.09615384615384616 0.109375
100000 0.8846153846153846 1.25
150000 2.5576923076923075 1.4375
200000 3.6538461538461537 1.390625
250000 4.884615384615385 1.265625
300000 4.3076923076923075 1.5
350000 3.4038461538461537 1.625
400000 1.8076923076923077 1.578125
450000 1.5961538461538463 1.5
500000 1.1730769230769231 1.625
550000 1.4807692307692308 1.5
600000 2.3653846153846154 1.640625
650000 2.4038461538461537 1.515625
700000 1.5384615384615385 1.203125
750000 1.1923076923076923 1.5
800000 1.9615384615384615 1.625
850000 2.923076923076923 1.625
900000 2.7884615384615383 1.5
950000 2.9423076923076925 1.25
1000000 2.9615384615384617 1.125
1050000 2.6153846153846154 1.5625
1100000 2.6346153846153846 1.6875
1150000 3.0 1.515625
1200000 3.423076923076923 1.703125
1250000 4.115384615384615 1.640625
1300000 5.019230769230769 1.515625
1350000 4.5 1.53125
1400000 4.288461538461538 1.640625
1450000 4.673076923076923 1.71875
1500000 4.230769230769231 1.65625
1550000 4.076923076923077 1.34375
1600000 3.6923076923076925 1.625
1650000 3.1923076923076925 1.296875
1700000 3.3076923076923075 1.546875
1750000 3.4615384615384617 1.640625
1800000 3.4423076923076925 1.515625
1850000 2.826923076923077 1.125
1900000 3.1346153846153846 1.703125
1950000 3.1153846153846154 1.625
2000000 3.6538461538461537 1.3125
2050000 4.384615384615385 1.53125
2100000 3.75 1.640625
2150000 3.4615384615384617 1.25
2200000 3.75 1.65625
2250000 4.096153846153846 1.515625
2300000 4.019230769230769 1.6875
2350000 4.4423076923076925 1.296875
2400000 3.2115384615384617 1.625
2450000 3.3653846153846154 1.609375
2500000 3.7115384615384617 1.609375
2550000 3.1538461538461537 1.375
2600000 3.1153846153846154 1.578125
2650000 3.5384615384615383 1.609375
2700000 4.365384615384615 1.515625
2750000 3.5961538461538463 1.234375
2800000 4.1923076923076925 1.5625
2850000 4.038461538461538 1.25
2900000 3.923076923076923 1.625
2950000 4.0 1.625
3000000 4.0 1.5
