50000 0.11538461538461539 0.0625
100000 1.0576923076923077 1.25
150000 1.9230769230769231 1.65625
200000 1.3076923076923077 1.375
250000 1.4230769230769231 1.5
300000 1.3653846153846154 1.5
350000 1.2307692307692308 1.625
400000 1.3653846153846154 1.625
450000 1.8269230769230769 1.25
500000 2.519230769230769 1.625
550000 2.5384615384615383 1.65625
600000 2.730769230769231 1.703125
650000 2.769230769230769 1.578125
700000 2.6346153846153846 1.640625
750000 2.826923076923077 1.515625
800000 2.9038461538461537 1.515625
850000 2.730769230769231 1.515625
900000 3.2115384615384617 1.25
950000 3.269230769230769 1.25
1000000 3.3076923076923075 1.25
1050000 3.730769230769231 1.625
1100000 3.7884615384615383 1.546875
1150000 3.826923076923077 1.25
1200000 5.596153846153846 1.375
1250000 7.423076923076923 1.640625
1300000 6.730769230769231 1.640625
1350000 7.423076923076923 1.25
1400000 7.519230769230769 1.25
1450000 7.269230769230769 1.53125
1500000 6.5576923076923075 1.703125
1550000 7.096153846153846 1.5
1600000 7.4423076923076925 1.203125
1650000 7.903846153846154 1.625
1700000 7.730769230769231 1.625
1750000 7.230769230769231 1.671875
1800000 8.0 1.609375
1850000 7.6923076923076925 1.25
1900000 8.23076923076923 1.640625
1950000 7.519230769230769 1.609375
2000000 8.057692307692308 1.59375
2050000 8.01923076923077 1.53125
2100000 7.673076923076923 1.609375
2150000 7.769230769230769 1.71875
2200000 8.25 1.671875
2250000 8.153846153846153 1.53125
2300000 6.730769230769231 1.375
2350000 6.9423076923076925 1.703125
2400000 7.423076923076923 1.71875
2450000 7.096153846153846 1.625
2500000 7.019230769230769 1.515625
2550000 7.134615384615385 1.578125
2600000 8.211538461538462 1.640625
2650000 7.019230769230769 1.59375
2700000 6.6923076923076925 1.703125
2750000 7.846153846153846 1.65625
2800000 7.730769230769231 1.53125
2850000 8.076923076923077 1.65625
2900000 7.576923076923077 1.53125
2950000 8.01923076923077 1.625
3000000 6.75 1.546875
