50000 0.09615384615384616 0.109375
100000 1.0961538461538463 1.25
150000 3.173076923076923 1.609375
200000 4.25 1.234375
250000 2.3653846153846154 1.59375
300000 2.0576923076923075 1.25
350000 1.6346153846153846 1.3125
400000 1.6153846153846154 1.5
450000 1.0192307692307692 1.546875
500000 2.1346153846153846 1.515625
550000 4.576923076923077 1.25
600000 1.4423076923076923 1.25
650000 1.1538461538461537 1.65625
700000 1.4423076923076923 1.625
750000 2.9423076923076925 1.59375
800000 5.5 1.625
850000 4.1923076923076925 1.625
900000 4.115384615384615 1.125
950000 2.519230769230769 1.515625
1000000 3.4423076923076925 1.125
1050000 3.230769230769231 1.5
1100000 3.75 1.578125
1150000 4.980769230769231 1.640625
1200000 5.5 1.375
1250000 5.673076923076923 1.546875
1300000 5.480769230769231 1.5625
1350000 5.384615384615385 1.640625
1400000 5.884615384615385 1.59375
1450000 5.423076923076923 1.25
1500000 4.865384615384615 1.59375
1550000 3.923076923076923 1.515625
1600000 4.153846153846154 1.59375
1650000 3.9038461538461537 1.703125
1700000 3.480769230769231 1.671875
1750000 4.153846153846154 1.5
1800000 4.3076923076923075 1.671875
1850000 4.076923076923077 1.59375
1900000 4.5 1.640625
1950000 4.134615384615385 1.71875
2000000 4.1923076923076925 1.625
2050000 4.153846153846154 1.515625
2100000 3.6153846153846154 1.578125
2150000 3.826923076923077 1.625
2200000 3.9038461538461537 1.6875
2250000 3.673076923076923 1.625
2300000 3.5384615384615383 1.671875
2350000 3.3076923076923075 1.25
2400000 2.8846153846153846 1.625
2450000 2.980769230769231 1.5
2500000 3.3076923076923075 1.609375
2550000 2.8846153846153846 1.5
2600000 3.3461538461538463 1.25
2650000 3.5576923076923075 1.640625
2700000 3.4615384615384617 1.640625
2750000 3.576923076923077 1.375
2800000 3.423076923076923 1.671875
2850000 3.2115384615384617 1.640625
2900000 3.5384615384615383 1.640625
2950000 3.0961538461538463 1.515625
3000000 3.1153846153846154 1.640625
