50000 3.4615384615384617 0.171875
100000 7.173076923076923 0.265625
150000 8.346153846153847 0.1875
200000 8.961538461538462 0.21875
250000 9.307692307692308 0.484375
300000 9.76923076923077 0.28125
350000 10.326923076923077 0.171875
400000 10.673076923076923 0.171875
450000 10.692307692307692 0.234375
500000 10.76923076923077 0.1875
550000 10.76923076923077 0.234375
600000 11.0 0.171875
650000 10.846153846153847 0.21875
700000 11.192307692307692 0.1875
750000 10.76923076923077 0.234375
800000 11.0 0.1875
850000 11.5 1.015625
900000 11.326923076923077 0.234375
950000 11.76923076923077 0.328125
1000000 11.576923076923077 0.234375
1050000 11.25 0.328125
1100000 11.615384615384615 0.234375
1150000 11.307692307692308 0.1875
1200000 10.903846153846153 0.234375
1250000 10.942307692307692 0.1875
1300000 11.384615384615385 0.25
1350000 11.365384615384615 0.25
1400000 11.365384615384615 0.1875
1450000 11.153846153846153 1.5625
1500000 11.26923076923077 0.234375
1550000 11.288461538461538 0.234375
1600000 11.673076923076923 0.328125
1650000 11.615384615384615 0.328125
1700000 10.961538461538462 0.40625
1750000 11.01923076923077 0.234375
1800000 11.192307692307692 0.234375
1850000 11.403846153846153 0.171875
1900000 11.25 0.34375
1950000 11.26923076923077 0.21875
2000000 11.461538461538462 0.203125
2050000 11.557692307692308 0.328125
2100000 11.5 0.25
2150000 11.75 0.328125
2200000 11.884615384615385 0.25
2250000 11.48076923076923 0.25
2300000 11.423076923076923 0.78125
2350000 11.48076923076923 0.234375
2400000 11.711538461538462 0.328125
2450000 11.807692307692308 0.296875
2500000 11.826923076923077 0.25
2550000 12.0 0.265625
2600000 12.038461538461538 0.1875
2650000 11.846153846153847 0.25
2700000 11.673076923076923 0.25
2750000 12.01923076923077 0.234375
2800000 11.788461538461538 0.328125
2850000 12.26923076923077 0.25
2900000 12.057692307692308 1.375
2950000 12.01923076923077 0.25
3000000 11.903846153846153 0.34375
