50000 0.11538461538461539 0.0625
100000 1.5 1.609375
150000 2.2115384615384617 1.625
200000 2.8461538461538463 1.515625
250000 3.25 1.546875
300000 3.8461538461538463 1.625
350000 2.9038461538461537 1.625
400000 2.4423076923076925 1.25
450000 1.6730769230769231 1.546875
500000 1.9038461538461537 1.625
550000 1.5 1.625
600000 1.5769230769230769 1.671875
650000 4.5 1.125
700000 6.134615384615385 1.640625
750000 3.423076923076923 1.625
800000 2.3653846153846154 1.515625
850000 2.8076923076923075 1.25
900000 3.2884615384615383 1.65625
950000 3.2884615384615383 1.625
1000000 2.9423076923076925 1.484375
1050000 3.3076923076923075 1.65625
1100000 3.5384615384615383 1.3125
1150000 3.673076923076923 1.625
1200000 4.288461538461538 1.640625
1250000 4.4423076923076925 1.640625
1300000 3.6923076923076925 1.625
1350000 3.5 1.65625
1400000 4.346153846153846 1.578125
1450000 4.019230769230769 1.625
1500000 3.519230769230769 1.640625
1550000 3.0 1.609375
1600000 2.9615384615384617 1.6875
1650000 2.980769230769231 1.53125
1700000 3.0 1.578125
1750000 2.6153846153846154 1.53125
1800000 2.3461538461538463 1.625
1850000 1.9807692307692308 1.59375
1900000 2.480769230769231 1.65625
1950000 3.3076923076923075 1.625
2000000 3.769230769230769 1.5
2050000 3.3461538461538463 1.640625
2100000 3.769230769230769 1.515625
2150000 3.769230769230769 1.625
2200000 3.6153846153846154 1.5625
2250000 3.3653846153846154 1.6875
2300000 3.7115384615384617 1.546875
2350000 3.576923076923077 1.703125
2400000 3.4423076923076925 1.578125
2450000 3.3653846153846154 1.25
2500000 2.673076923076923 1.625
2550000 2.769230769230769 1.375
2600000 3.1153846153846154 1.59375
2650000 2.8653846153846154 1.671875
2700000 2.3846153846153846 1.25
2750000 2.3653846153846154 1.5
2800000 2.673076923076923 1.5
2850000 2.4423076923076925 1.640625
2900000 2.5384615384615383 1.5
2950000 2.173076923076923 1.125
3000000 2.519230769230769 1.6875
