50000 1.9230769230769231 0.09375
100000 7.5 0.125
150000 7.961538461538462 0.140625
200000 8.923076923076923 0.125
250000 9.846153846153847 0.484375
300000 9.76923076923077 0.15625
350000 9.961538461538462 0.15625
400000 10.096153846153847 0.140625
450000 10.23076923076923 0.140625
500000 10.038461538461538 0.15625
550000 10.403846153846153 0.15625
600000 10.596153846153847 0.15625
650000 10.23076923076923 0.140625
700000 10.076923076923077 0.15625
750000 10.403846153846153 0.15625
800000 9.807692307692308 0.140625
850000 9.692307692307692 1.046875
900000 10.0 0.140625
950000 10.0 0.140625
1000000 10.01923076923077 0.15625
1050000 10.0 0.140625
1100000 10.23076923076923 0.140625
1150000 9.865384615384615 0.140625
1200000 10.096153846153847 0.140625
1250000 10.115384615384615 0.140625
1300000 10.26923076923077 0.140625
1350000 10.192307692307692 0.15625
1400000 10.096153846153847 0.140625
1450000 10.615384615384615 1.25
1500000 10.596153846153847 0.140625
1550000 9.942307692307692 0.140625
1600000 9.923076923076923 0.140625
1650000 10.442307692307692 0.15625
1700000 10.403846153846153 0.484375
1750000 9.826923076923077 0.140625
1800000 10.057692307692308 0.15625
1850000 10.307692307692308 0.15625
1900000 10.288461538461538 0.15625
1950000 10.346153846153847 0.15625
2000000 10.346153846153847 0.15625
2050000 10.423076923076923 0.15625
2100000 10.5 0.15625
2150000 10.346153846153847 0.140625
2200000 10.73076923076923 0.15625
2250000 10.0 0.140625
2300000 10.73076923076923 0.875
2350000 10.384615384615385 0.140625
2400000 10.538461538461538 0.15625
2450000 10.096153846153847 0.140625
2500000 10.48076923076923 0.15625
2550000 10.442307692307692 0.15625
2600000 10.25 0.140625
2650000 10.442307692307692 0.15625
2700000 10.442307692307692 0.15625
2750000 10.442307692307692 0.15625
2800000 10.442307692307692 0.171875
2850000 10.365384615384615 0.140625
2900000 10.673076923076923 1.375
2950000 10.942307692307692 0.15625
3000000 10.038461538461538 0.15625
