50000 0.15384615384615385 0.0625
100000 1.1153846153846154 1.5
150000 3.326923076923077 1.71875
200000 2.4423076923076925 1.640625
250000 2.980769230769231 1.5
300000 1.7884615384615385 1.25
350000 2.0 1.125
400000 2.019230769230769 1.671875
450000 1.4230769230769231 1.53125
500000 1.25 1.65625
550000 1.4423076923076923 1.6875
600000 2.1923076923076925 1.59375
650000 5.923076923076923 1.625
700000 7.788461538461538 1.578125
750000 6.403846153846154 1.640625
800000 2.769230769230769 1.640625
850000 2.7115384615384617 1.515625
900000 7.3076923076923075 1.546875
950000 7.519230769230769 1.640625
1000000 5.538461538461538 1.640625
1050000 5.423076923076923 1.546875
1100000 4.5576923076923075 1.640625
1150000 4.75 1.671875
1200000 5.115384615384615 1.5625
1250000 4.9423076923076925 1.515625
1300000 5.25 1.578125
1350000 5.038461538461538 1.375
1400000 5.365384615384615 1.640625
1450000 4.711538461538462 1.65625
1500000 5.096153846153846 1.25
1550000 5.8076923076923075 1.53125
1600000 3.923076923076923 1.515625
1650000 3.6346153846153846 1.625
1700000 3.3846153846153846 1.703125
1750000 3.2115384615384617 1.53125
1800000 3.0576923076923075 1.578125
1850000 3.4423076923076925 1.53125
1900000 3.173076923076923 1.5625
1950000 3.5384615384615383 1.59375
2000000 4.403846153846154 1.59375
2050000 3.923076923076923 1.71875
2100000 3.5 1.25
2150000 5.519230769230769 1.625
2200000 5.730769230769231 1.640625
2250000 6.019230769230769 1.484375
2300000 6.076923076923077 1.578125
2350000 5.115384615384615 1.609375
2400000 5.576923076923077 1.609375
2450000 6.0 1.640625
2500000 5.384615384615385 1.640625
2550000 5.173076923076923 1.640625
2600000 4.134615384615385 1.640625
2650000 6.134615384615385 1.6875
2700000 5.269230769230769 1.65625
2750000 5.961538461538462 1.71875
2800000 6.115384615384615 1.53125
2850000 5.0 1.515625
2900000 5.5 1.671875
2950000 5.615384615384615 1.53125
3000000 5.134615384615385 1.703125
