50000 6.269230769230769 0.234375
100000 9.538461538461538 0.234375
150000 9.653846153846153 0.34375
200000 10.096153846153847 0.25
250000 10.115384615384615 0.25
300000 10.01923076923077 0.234375
350000 10.076923076923077 0.25
400000 10.461538461538462 0.25
450000 10.153846153846153 0.328125
500000 10.26923076923077 0.34375
550000 10.673076923076923 0.328125
600000 10.673076923076923 0.265625
650000 10.711538461538462 0.234375
700000 10.576923076923077 0.25
750000 10.692307692307692 0.296875
800000 10.692307692307692 0.265625
850000 10.653846153846153 0.96875
900000 10.634615384615385 0.25
950000 10.76923076923077 0.1875
1000000 10.5 0.25
1050000 10.692307692307692 0.328125
1100000 10.596153846153847 0.3125
1150000 10.538461538461538 0.328125
1200000 10.75 0.265625
1250000 10.807692307692308 0.265625
1300000 10.692307692307692 0.25
1350000 10.634615384615385 0.34375
1400000 10.576923076923077 0.234375
1450000 10.673076923076923 1.46875
1500000 10.557692307692308 0.34375
1550000 10.576923076923077 0.25
1600000 10.596153846153847 0.1875
1650000 10.846153846153847 0.25
1700000 10.673076923076923 0.265625
1750000 10.73076923076923 0.25
1800000 10.634615384615385 0.1875
1850000 10.615384615384615 0.171875
1900000 10.634615384615385 0.171875
1950000 10.596153846153847 0.171875
2000000 10.634615384615385 0.15625
2050000 10.653846153846153 0.171875
2100000 10.5 0.15625
2150000 10.634615384615385 0.171875
2200000 10.653846153846153 0.171875
2250000 10.711538461538462 0.140625
2300000 10.711538461538462 0.84375
2350000 10.596153846153847 0.15625
2400000 10.76923076923077 0.15625
2450000 10.73076923076923 0.171875
2500000 10.692307692307692 0.15625
2550000 10.76923076923077 0.171875
2600000 10.826923076923077 0.171875
2650000 10.75 0.15625
2700000 10.673076923076923 0.15625
2750000 11.0 0.15625
2800000 10.903846153846153 0.171875
2850000 11.01923076923077 0.15625
2900000 11.01923076923077 1.40625
2950000 10.942307692307692 0.171875
3000000 10.846153846153847 0.15625
