50000 0.11538461538461539 0.0625
100000 1.1346153846153846 1.25
150000 1.9038461538461537 1.625
200000 2.519230769230769 1.578125
250000 2.826923076923077 1.625
300000 4.096153846153846 1.640625
350000 4.230769230769231 1.65625
400000 2.0576923076923075 1.5
450000 1.3653846153846154 1.625
500000 1.0192307692307692 1.5625
550000 1.2307692307692308 1.65625
600000 3.173076923076923 1.5
650000 7.173076923076923 1.53125
700000 6.903846153846154 1.625
750000 1.6153846153846154 1.25
800000 2.3846153846153846 1.625
850000 4.269230769230769 1.703125
900000 4.0576923076923075 1.5
950000 4.0576923076923075 1.515625
1000000 3.980769230769231 1.546875
1050000 4.384615384615385 1.515625
1100000 4.5 1.25
1150000 5.4423076923076925 1.25
1200000 4.730769230769231 1.59375
1250000 4.230769230769231 1.515625
1300000 5.5576923076923075 1.546875
1350000 5.269230769230769 1.640625
1400000 5.096153846153846 1.671875
1450000 4.826923076923077 1.640625
1500000 6.326923076923077 1.359375
1550000 6.903846153846154 1.65625
1600000 6.730769230769231 1.5
1650000 4.826923076923077 1.515625
1700000 4.711538461538462 1.515625
1750000 5.288461538461538 1.59375
1800000 5.961538461538462 1.625
1850000 6.230769230769231 1.609375
1900000 6.173076923076923 1.609375
1950000 6.9423076923076925 1.71875
2000000 6.980769230769231 1.625
2050000 7.365384615384615 1.375
2100000 7.096153846153846 1.625
2150000 6.653846153846154 1.546875
2200000 7.096153846153846 1.71875
2250000 7.153846153846154 1.6875
2300000 8.211538461538462 1.65625
2350000 7.403846153846154 1.640625
2400000 7.884615384615385 1.703125
2450000 7.634615384615385 1.515625
2500000 8.173076923076923 1.25
2550000 7.75 1.703125
2600000 7.826923076923077 1.578125
2650000 7.6923076923076925 1.640625
2700000 8.403846153846153 1.59375
2750000 7.653846153846154 1.46875
2800000 7.923076923076923 1.5
2850000 7.346153846153846 1.515625
2900000 7.423076923076923 1.671875
2950000 7.961538461538462 1.6875
3000000 7.846153846153846 1.515625
