50000 3.7884615384615383 0.21875
100000 8.615384615384615 0.15625
150000 8.557692307692308 0.203125
200000 10.153846153846153 0.21875
250000 9.807692307692308 0.390625
300000 10.288461538461538 0.21875
350000 10.25 0.234375
400000 10.0 0.21875
450000 10.153846153846153 0.21875
500000 9.846153846153847 0.15625
550000 9.576923076923077 0.203125
600000 9.75 0.21875
650000 9.98076923076923 0.203125
700000 9.48076923076923 0.25
750000 9.75 0.203125
800000 10.788461538461538 0.21875
850000 11.01923076923077 0.90625
900000 10.961538461538462 0.21875
950000 10.76923076923077 0.3125
1000000 10.653846153846153 0.15625
1050000 10.634615384615385 0.21875
1100000 10.865384615384615 0.234375
1150000 10.48076923076923 0.15625
1200000 10.634615384615385 0.296875
1250000 10.76923076923077 0.21875
1300000 10.73076923076923 0.296875
1350000 10.903846153846153 0.234375
1400000 10.576923076923077 0.265625
1450000 9.865384615384615 1.578125
1500000 10.826923076923077 0.171875
1550000 11.01923076923077 0.21875
1600000 10.615384615384615 0.171875
1650000 10.923076923076923 0.21875
1700000 10.461538461538462 0.28125
1750000 11.134615384615385 0.234375
1800000 11.442307692307692 0.296875
1850000 11.461538461538462 0.171875
1900000 11.307692307692308 0.234375
1950000 11.288461538461538 0.234375
2000000 11.23076923076923 0.234375
2050000 11.5 0.3125
2100000 10.884615384615385 0.21875
2150000 11.346153846153847 0.1875
2200000 11.346153846153847 0.203125
2250000 11.807692307692308 0.25
2300000 11.673076923076923 0.828125
2350000 11.846153846153847 0.265625
2400000 11.442307692307692 0.234375
2450000 11.634615384615385 0.171875
2500000 12.057692307692308 0.1875
2550000 12.01923076923077 0.265625
2600000 12.211538461538462 0.25
2650000 12.153846153846153 0.265625
2700000 12.23076923076923 0.1875
2750000 11.98076923076923 0.234375
2800000 12.173076923076923 0.28125
2850000 12.211538461538462 0.25
2900000 12.192307692307692 1.390625
2950000 12.211538461538462 0.25
3000000 12.211538461538462 0.1875
