50000 0.19230769230769232 0.0625
100000 1.5384615384615385 1.5
150000 1.2307692307692308 1.5
200000 1.7692307692307692 1.578125
250000 1.8846153846153846 1.703125
300000 2.269230769230769 1.609375
350000 1.3269230769230769 1.25
400000 1.2115384615384615 1.65625
450000 1.6923076923076923 1.640625
500000 0.7884615384615384 1.125
550000 1.2307692307692308 1.5
600000 1.5961538461538463 1.5
650000 2.6923076923076925 1.625
700000 3.0 1.515625
750000 3.519230769230769 1.640625
800000 3.230769230769231 1.625
850000 2.6153846153846154 1.625
900000 3.9615384615384617 1.515625
950000 3.173076923076923 1.4375
1000000 3.3461538461538463 1.25
1050000 3.423076923076923 1.515625
1100000 3.480769230769231 1.640625
1150000 5.153846153846154 1.59375
1200000 7.0576923076923075 1.59375
1250000 6.8076923076923075 1.625
1300000 4.326923076923077 1.625
1350000 4.403846153846154 1.640625
1400000 6.980769230769231 1.671875
1450000 7.288461538461538 1.25
1500000 7.25 1.640625
1550000 7.096153846153846 1.53125
1600000 5.884615384615385 1.625
1650000 5.9423076923076925 1.6875
1700000 5.461538461538462 1.65625
1750000 5.346153846153846 1.671875
1800000 5.423076923076923 1.515625
1850000 6.346153846153846 1.640625
1900000 6.038461538461538 1.640625
1950000 5.596153846153846 1.5
2000000 5.134615384615385 1.703125
2050000 5.653846153846154 1.640625
2100000 5.826923076923077 1.578125
2150000 5.75 1.53125
2200000 5.480769230769231 1.515625
2250000 5.3076923076923075 1.625
2300000 5.461538461538462 1.515625
2350000 5.634615384615385 1.578125
2400000 5.980769230769231 1.671875
2450000 6.576923076923077 1.53125
2500000 6.115384615384615 1.515625
2550000 7.038461538461538 1.703125
2600000 6.769230769230769 1.65625
2650000 7.730769230769231 1.65625
2700000 7.769230769230769 1.515625
2750000 7.711538461538462 1.578125
2800000 8.26923076923077 1.640625
2850000 7.826923076923077 1.375
2900000 8.711538461538462 1.640625
2950000 8.865384615384615 1.640625
3000000 8.692307692307692 1.625
