50000 7.361111111111111 0.109375
100000 8.666666666666666 0.109375
150000 8.75 0.125
200000 8.75 0.109375
250000 8.75 0.375
300000 8.416666666666666 0.140625
350000 8.722222222222221 0.15625
400000 8.75 0.109375
450000 8.694444444444445 0.109375
500000 8.75 0.109375
550000 8.805555555555555 0.125
600000 8.88888888888889 0.109375
650000 8.63888888888889 0.109375
700000 8.88888888888889 0.140625
750000 8.555555555555555 0.171875
800000 8.916666666666666 0.109375
850000 8.61111111111111 0.90625
900000 8.916666666666666 0.109375
950000 8.916666666666666 0.125
1000000 8.666666666666666 0.109375
1050000 8.86111111111111 0.109375
1100000 8.88888888888889 0.109375
1150000 8.944444444444445 0.109375
1200000 8.833333333333334 0.125
1250000 8.88888888888889 0.125
1300000 7.722222222222222 0.15625
1350000 8.88888888888889 0.109375
1400000 8.88888888888889 0.109375
1450000 8.88888888888889 1.25
1500000 8.88888888888889 0.109375
1550000 8.75 0.109375
1600000 8.88888888888889 0.109375
1650000 8.88888888888889 0.109375
1700000 8.88888888888889 0.109375
1750000 8.61111111111111 0.140625
1800000 8.88888888888889 0.109375
1850000 8.88888888888889 0.15625
1900000 8.88888888888889 0.109375
1950000 8.777777777777779 0.109375
2000000 8.88888888888889 0.109375
2050000 8.972222222222221 0.109375
2100000 9.055555555555555 0.109375
2150000 8.972222222222221 0.109375
2200000 9.11111111111111 0.125
2250000 9.11111111111111 0.109375
2300000 8.25 0.796875
2350000 8.777777777777779 0.09375
2400000 9.25 0.109375
2450000 9.25 0.125
2500000 9.25 0.140625
2550000 9.13888888888889 0.140625
2600000 9.25 0.140625
2650000 9.25 0.140625
2700000 9.25 0.109375
2750000 9.25 0.109375
2800000 9.25 0.109375
2850000 9.25 0.109375
2900000 9.305555555555555 1.25
2950000 9.25 0.109375
3000000 9.25 0.140625
