50000 7.861111111111111 0.125
100000 8.694444444444445 0.109375
150000 8.63888888888889 0.109375
200000 8.25 0.125
250000 8.777777777777779 0.34375
300000 8.63888888888889 0.125
350000 8.36111111111111 0.109375
400000 8.694444444444445 0.109375
450000 8.805555555555555 0.125
500000 8.86111111111111 0.125
550000 8.555555555555555 0.125
600000 8.916666666666666 0.109375
650000 8.916666666666666 0.125
700000 8.916666666666666 0.125
750000 8.972222222222221 0.125
800000 8.916666666666666 0.109375
850000 8.86111111111111 0.859375
900000 8.805555555555555 0.125
950000 8.86111111111111 0.109375
1000000 8.722222222222221 0.109375
1050000 8.916666666666666 0.125
1100000 9.055555555555555 0.109375
1150000 8.63888888888889 0.109375
1200000 7.805555555555555 0.125
1250000 8.916666666666666 0.125
1300000 8.916666666666666 0.109375
1350000 8.916666666666666 0.109375
1400000 8.916666666666666 0.125
1450000 8.916666666666666 1.1875
1500000 8.88888888888889 0.109375
1550000 8.916666666666666 0.140625
1600000 8.916666666666666 0.109375
1650000 8.833333333333334 0.109375
1700000 8.88888888888889 0.234375
1750000 8.916666666666666 0.109375
1800000 8.916666666666666 0.109375
1850000 8.916666666666666 0.125
1900000 8.75 0.109375
1950000 8.916666666666666 0.109375
2000000 8.11111111111111 0.109375
2050000 8.972222222222221 0.109375
2100000 8.916666666666666 0.125
2150000 8.916666666666666 0.109375
2200000 8.916666666666666 0.125
2250000 8.916666666666666 0.09375
2300000 8.916666666666666 0.796875
2350000 8.88888888888889 0.125
2400000 8.916666666666666 0.109375
2450000 8.916666666666666 0.125
2500000 8.86111111111111 0.109375
2550000 8.88888888888889 0.109375
2600000 8.916666666666666 0.109375
2650000 8.916666666666666 0.125
2700000 8.916666666666666 0.109375
2750000 8.916666666666666 0.109375
2800000 7.138888888888889 0.15625
2850000 8.583333333333334 0.125
2900000 9.13888888888889 1.25
2950000 9.13888888888889 0.109375
3000000 9.194444444444445 0.125
