50000 0.2222222222222222 0.046875
100000 1.3333333333333333 0.625
150000 2.5 1.0
200000 0.6111111111111112 0.671875
250000 0.9166666666666666 0.921875
300000 1.25 1.0
350000 3.0833333333333335 0.703125
400000 3.6666666666666665 1.0
450000 4.25 0.8125
500000 4.638888888888889 1.078125
550000 5.111111111111111 0.75
600000 5.777777777777778 1.125
650000 6.138888888888889 1.109375
700000 6.0 0.75
750000 6.0 1.046875
800000 6.083333333333333 1.125
850000 6.194444444444445 0.75
900000 6.25 0.75
950000 6.25 0.75
1000000 6.194444444444445 0.75
1050000 6.861111111111111 1.015625
1100000 6.944444444444445 1.125
1150000 6.777777777777778 1.0
1200000 6.611111111111111 1.25
1250000 6.583333333333333 1.328125
1300000 6.777777777777778 1.015625
1350000 7.083333333333333 1.0
1400000 7.083333333333333 0.875
1450000 6.861111111111111 1.09375
1500000 6.75 0.875
1550000 6.972222222222222 1.0
1600000 6.861111111111111 1.0
1650000 6.861111111111111 1.28125
1700000 6.805555555555555 1.046875
1750000 7.027777777777778 1.0
1800000 6.805555555555555 0.859375
1850000 6.722222222222222 0.96875
1900000 6.888888888888889 1.203125
1950000 7.277777777777778 0.75
2000000 7.166666666666667 1.0
2050000 7.333333333333333 0.75
2100000 7.333333333333333 0.828125
2150000 7.111111111111111 1.0625
2200000 7.194444444444445 0.734375
2250000 7.194444444444445 0.75
2300000 7.361111111111111 0.875
2350000 7.305555555555555 1.109375
2400000 7.055555555555555 0.75
2450000 7.277777777777778 0.75
2500000 7.138888888888889 0.75
2550000 6.888888888888889 0.75
2600000 7.0 0.75
2650000 7.166666666666667 0.75
2700000 7.25 0.875
2750000 7.333333333333333 0.796875
2800000 7.5 0.734375
2850000 7.472222222222222 0.75
2900000 7.333333333333333 0.75
2950000 7.472222222222222 1.0
3000000 7.388888888888889 1.0
