50000 7.833333333333333 0.1875
100000 8.63888888888889 0.15625
150000 8.722222222222221 0.140625
200000 8.75 0.15625
250000 8.944444444444445 0.171875
300000 9.0 0.109375
350000 9.027777777777779 0.15625
400000 8.666666666666666 0.171875
450000 8.944444444444445 0.140625
500000 9.055555555555555 0.171875
550000 9.027777777777779 0.171875
600000 9.083333333333334 0.1875
650000 8.944444444444445 0.09375
700000 9.083333333333334 0.140625
750000 9.027777777777779 0.171875
800000 9.083333333333334 0.09375
850000 8.416666666666666 0.84375
900000 9.166666666666666 0.203125
950000 9.055555555555555 0.1875
1000000 9.13888888888889 0.15625
1050000 9.166666666666666 0.15625
1100000 9.166666666666666 0.1875
1150000 9.083333333333334 0.15625
1200000 9.055555555555555 0.109375
1250000 9.027777777777779 0.140625
1300000 9.166666666666666 0.140625
1350000 9.166666666666666 0.171875
1400000 7.944444444444445 0.09375
1450000 9.166666666666666 1.375
1500000 9.083333333333334 0.125
1550000 9.13888888888889 0.171875
1600000 9.166666666666666 0.09375
1650000 8.805555555555555 0.109375
1700000 9.166666666666666 0.140625
1750000 9.13888888888889 0.140625
1800000 9.083333333333334 0.15625
1850000 8.527777777777779 0.09375
1900000 8.25 0.125
1950000 9.166666666666666 0.171875
2000000 9.166666666666666 0.1875
2050000 9.11111111111111 0.171875
2100000 9.11111111111111 0.171875
2150000 9.166666666666666 0.171875
2200000 9.11111111111111 0.171875
2250000 8.61111111111111 0.109375
2300000 9.166666666666666 0.71875
2350000 9.166666666666666 0.09375
2400000 8.305555555555555 0.109375
2450000 8.194444444444445 0.171875
2500000 9.055555555555555 0.09375
2550000 8.555555555555555 0.09375
2600000 8.583333333333334 0.171875
2650000 9.166666666666666 0.09375
2700000 9.083333333333334 0.171875
2750000 9.083333333333334 0.09375
2800000 9.166666666666666 0.09375
2850000 9.166666666666666 0.140625
2900000 9.166666666666666 1.1875
2950000 8.88888888888889 0.09375
3000000 8.916666666666666 0.140625
