50000 0.1111111111111111 0.046875
100000 1.6388888888888888 1.0
150000 1.8611111111111112 0.734375
200000 1.2222222222222223 1.125
250000 0.8611111111111112 0.75
300000 1.0555555555555556 0.875
350000 1.4166666666666667 0.75
400000 3.5555555555555554 1.125
450000 5.527777777777778 0.875
500000 4.972222222222222 1.0
550000 5.166666666666667 1.046875
600000 5.472222222222222 1.125
650000 5.555555555555555 0.953125
700000 5.388888888888889 1.125
750000 5.527777777777778 0.71875
800000 5.833333333333333 0.828125
850000 6.166666666666667 0.75
900000 5.972222222222222 1.046875
950000 6.138888888888889 1.0
1000000 6.277777777777778 0.75
1050000 6.25 1.375
1100000 6.055555555555555 0.75
1150000 6.333333333333333 0.75
1200000 6.444444444444445 0.75
1250000 5.972222222222222 0.8125
1300000 6.111111111111111 0.75
1350000 6.361111111111111 0.75
1400000 6.472222222222222 0.75
1450000 6.277777777777778 1.109375
1500000 6.388888888888889 1.0
1550000 6.444444444444445 0.984375
1600000 6.222222222222222 1.046875
1650000 6.027777777777778 1.125
1700000 6.25 0.75
1750000 6.138888888888889 0.84375
1800000 6.194444444444445 0.875
1850000 6.527777777777778 0.75
1900000 6.777777777777778 0.6875
1950000 6.277777777777778 1.125
2000000 6.611111111111111 1.125
2050000 6.722222222222222 0.75
2100000 6.555555555555555 1.0
2150000 6.611111111111111 0.75
2200000 6.583333333333333 0.75
2250000 6.472222222222222 1.375
2300000 6.416666666666667 1.0
2350000 6.638888888888889 0.75
2400000 6.472222222222222 1.0
2450000 6.361111111111111 1.0
2500000 6.555555555555555 0.984375
2550000 6.527777777777778 0.75
2600000 6.527777777777778 0.75
2650000 6.638888888888889 0.75
2700000 6.805555555555555 0.75
2750000 6.972222222222222 1.0
2800000 7.027777777777778 1.0
2850000 6.583333333333333 0.78125
2900000 6.638888888888889 0.75
2950000 6.638888888888889 0.75
3000000 6.75 1.0
