50000 0.3333333333333333 0.046875
100000 4.333333333333333 0.984375
150000 1.9722222222222223 1.0
200000 0.8611111111111112 0.640625
250000 0.9444444444444444 0.75
300000 1.4722222222222223 0.75
350000 3.6944444444444446 0.75
400000 6.055555555555555 0.75
450000 5.611111111111111 0.75
500000 5.138888888888889 0.875
550000 5.111111111111111 1.125
600000 5.305555555555555 0.875
650000 5.472222222222222 0.796875
700000 5.583333333333333 0.75
750000 5.75 0.75
800000 6.027777777777778 1.125
850000 5.555555555555555 0.75
900000 5.833333333333333 0.796875
950000 5.611111111111111 1.125
1000000 5.805555555555555 1.125
1050000 5.75 0.75
1100000 6.416666666666667 1.0
1150000 6.333333333333333 0.75
1200000 6.444444444444445 0.84375
1250000 6.638888888888889 0.765625
1300000 6.444444444444445 1.0
1350000 6.722222222222222 1.0
1400000 6.583333333333333 1.125
1450000 6.722222222222222 0.875
1500000 6.555555555555555 0.75
1550000 6.694444444444445 0.75
1600000 6.75 1.046875
1650000 6.638888888888889 0.875
1700000 6.861111111111111 0.78125
1750000 6.888888888888889 0.875
1800000 6.916666666666667 0.875
1850000 6.555555555555555 0.75
1900000 6.388888888888889 0.75
1950000 6.666666666666667 1.0
2000000 6.611111111111111 0.875
2050000 6.888888888888889 0.75
2100000 7.027777777777778 0.75
2150000 6.777777777777778 0.75
2200000 7.222222222222222 0.75
2250000 7.194444444444445 0.78125
2300000 7.333333333333333 1.0
2350000 7.166666666666667 0.84375
2400000 7.25 1.109375
2450000 6.694444444444445 1.0
2500000 7.138888888888889 0.859375
2550000 7.527777777777778 1.125
2600000 7.222222222222222 0.765625
2650000 7.472222222222222 0.75
2700000 7.166666666666667 1.125
2750000 6.944444444444445 0.75
2800000 7.25 0.75
2850000 7.083333333333333 1.125
2900000 7.222222222222222 1.03125
2950000 7.055555555555555 1.125
3000000 7.277777777777778 0.875
