50000 7.444444444444445 0.125
100000 8.583333333333334 0.109375
150000 8.583333333333334 0.09375
200000 8.75 0.140625
250000 8.777777777777779 0.234375
300000 7.972222222222222 0.125
350000 8.444444444444445 0.203125
400000 8.805555555555555 0.171875
450000 8.805555555555555 0.203125
500000 8.0 0.15625
550000 8.583333333333334 0.140625
600000 8.777777777777779 0.140625
650000 8.777777777777779 0.1875
700000 8.777777777777779 0.203125
750000 8.777777777777779 0.1875
800000 8.666666666666666 0.203125
850000 8.777777777777779 0.734375
900000 8.777777777777779 0.203125
950000 8.805555555555555 0.1875
1000000 8.777777777777779 0.171875
1050000 8.666666666666666 0.171875
1100000 8.805555555555555 0.109375
1150000 7.972222222222222 0.171875
1200000 8.805555555555555 0.15625
1250000 8.805555555555555 0.125
1300000 8.75 0.15625
1350000 8.805555555555555 0.1875
1400000 8.777777777777779 0.1875
1450000 7.527777777777778 0.59375
1500000 8.666666666666666 0.15625
1550000 8.166666666666666 0.1875
1600000 8.805555555555555 0.15625
1650000 8.805555555555555 0.15625
1700000 8.527777777777779 0.171875
1750000 8.805555555555555 0.1875
1800000 8.222222222222221 0.1875
1850000 8.805555555555555 0.1875
1900000 8.805555555555555 0.203125
1950000 8.777777777777779 0.125
2000000 8.88888888888889 0.171875
2050000 8.88888888888889 0.171875
2100000 8.88888888888889 0.203125
2150000 8.36111111111111 0.171875
2200000 8.88888888888889 0.1875
2250000 8.88888888888889 0.171875
2300000 8.666666666666666 0.359375
2350000 8.88888888888889 0.1875
2400000 8.88888888888889 0.125
2450000 8.88888888888889 0.15625
2500000 8.63888888888889 0.1875
2550000 8.472222222222221 0.1875
2600000 8.555555555555555 0.203125
2650000 8.88888888888889 0.171875
2700000 8.86111111111111 0.125
2750000 8.666666666666666 0.203125
2800000 8.88888888888889 0.171875
2850000 8.666666666666666 0.1875
2900000 8.694444444444445 0.75
2950000 8.86111111111111 0.171875
3000000 8.88888888888889 0.140625
