50000 7.277777777777778 0.109375
100000 8.583333333333334 0.1875
150000 8.472222222222221 0.203125
200000 8.38888888888889 0.140625
250000 8.5 0.203125
300000 8.444444444444445 0.203125
350000 8.583333333333334 0.1875
400000 8.583333333333334 0.15625
450000 8.583333333333334 0.171875
500000 8.5 0.1875
550000 8.583333333333334 0.203125
600000 7.722222222222222 0.09375
650000 8.527777777777779 0.15625
700000 8.583333333333334 0.1875
750000 8.63888888888889 0.171875
800000 8.444444444444445 0.1875
850000 8.583333333333334 0.734375
900000 8.63888888888889 0.171875
950000 8.5 0.1875
1000000 8.694444444444445 0.15625
1050000 8.722222222222221 0.171875
1100000 7.805555555555555 0.125
1150000 8.722222222222221 0.1875
1200000 8.722222222222221 0.171875
1250000 8.722222222222221 0.140625
1300000 8.694444444444445 0.203125
1350000 8.722222222222221 0.203125
1400000 8.333333333333334 0.1875
1450000 8.277777777777779 1.28125
1500000 8.36111111111111 0.1875
1550000 8.527777777777779 0.140625
1600000 8.63888888888889 0.203125
1650000 8.722222222222221 0.140625
1700000 8.694444444444445 0.1875
1750000 8.722222222222221 0.171875
1800000 8.722222222222221 0.15625
1850000 8.583333333333334 0.140625
1900000 8.722222222222221 0.1875
1950000 8.722222222222221 0.171875
2000000 8.722222222222221 0.203125
2050000 8.722222222222221 0.15625
2100000 8.722222222222221 0.1875
2150000 8.0 0.1875
2200000 8.527777777777779 0.15625
2250000 8.722222222222221 0.1875
2300000 8.416666666666666 0.328125
2350000 8.11111111111111 0.1875
2400000 8.555555555555555 0.203125
2450000 8.722222222222221 0.1875
2500000 7.833333333333333 0.171875
2550000 8.722222222222221 0.203125
2600000 8.722222222222221 0.1875
2650000 8.583333333333334 0.203125
2700000 8.722222222222221 0.1875
2750000 8.722222222222221 0.1875
2800000 8.63888888888889 0.171875
2850000 8.555555555555555 0.140625
2900000 8.63888888888889 0.640625
2950000 8.722222222222221 0.1875
3000000 8.416666666666666 0.1875
