50000 0.16666666666666666 0.0625
100000 1.7777777777777777 0.734375
150000 2.2222222222222223 0.734375
200000 0.8888888888888888 0.609375
250000 0.8888888888888888 0.78125
300000 0.9166666666666666 0.640625
350000 2.5833333333333335 0.65625
400000 5.055555555555555 0.84375
450000 5.083333333333333 0.828125
500000 4.833333333333333 0.578125
550000 5.0 0.671875
600000 5.166666666666667 0.6875
650000 5.416666666666667 0.84375
700000 5.416666666666667 0.75
750000 5.805555555555555 0.6875
800000 5.916666666666667 0.78125
850000 5.861111111111111 0.921875
900000 5.694444444444445 0.765625
950000 5.666666666666667 0.921875
1000000 5.833333333333333 0.828125
1050000 5.75 0.71875
1100000 5.5 0.796875
1150000 5.388888888888889 0.953125
1200000 5.666666666666667 0.5625
1250000 5.638888888888889 0.9375
1300000 5.861111111111111 0.671875
1350000 5.972222222222222 0.765625
1400000 6.027777777777778 0.8125
1450000 5.944444444444445 0.609375
1500000 6.0 0.71875
1550000 5.611111111111111 0.734375
1600000 5.944444444444445 0.875
1650000 6.055555555555555 0.71875
1700000 6.361111111111111 0.765625
1750000 6.416666666666667 0.859375
1800000 6.138888888888889 0.703125
1850000 6.25 0.9375
1900000 6.361111111111111 0.859375
1950000 6.083333333333333 0.71875
2000000 6.194444444444445 0.984375
2050000 6.083333333333333 0.65625
2100000 6.277777777777778 0.84375
2150000 6.25 0.890625
2200000 6.388888888888889 0.671875
2250000 6.305555555555555 1.09375
2300000 6.388888888888889 0.8125
2350000 6.25 0.828125
2400000 6.444444444444445 0.765625
2450000 6.361111111111111 0.6875
2500000 6.166666666666667 0.609375
2550000 6.277777777777778 0.9375
2600000 6.5 0.765625
2650000 6.472222222222222 0.765625
2700000 6.555555555555555 0.734375
2750000 6.527777777777778 0.8125
2800000 6.611111111111111 0.71875
2850000 6.527777777777778 0.84375
2900000 6.472222222222222 0.609375
2950000 6.611111111111111 0.828125
3000000 6.5 0.890625
