50000 0.1388888888888889 0.0625
100000 2.3333333333333335 0.65625
150000 2.2777777777777777 0.90625
200000 1.0277777777777777 0.625
250000 0.5555555555555556 0.875
300000 0.8611111111111112 0.890625
350000 1.5555555555555556 0.78125
400000 3.8333333333333335 0.75
450000 4.888888888888889 0.75
500000 5.027777777777778 0.875
550000 5.361111111111111 1.0625
600000 5.444444444444445 0.875
650000 5.305555555555555 0.828125
700000 5.027777777777778 0.75
750000 5.25 0.75
800000 5.5 1.0
850000 5.638888888888889 0.859375
900000 5.555555555555555 0.75
950000 5.916666666666667 0.75
1000000 5.833333333333333 1.125
1050000 5.805555555555555 0.796875
1100000 5.555555555555555 1.0
1150000 5.527777777777778 0.984375
1200000 5.916666666666667 1.09375
1250000 6.166666666666667 0.75
1300000 6.027777777777778 1.0
1350000 6.138888888888889 0.875
1400000 6.25 0.75
1450000 6.0 0.75
1500000 6.222222222222222 1.046875
1550000 6.194444444444445 0.75
1600000 6.25 1.078125
1650000 6.111111111111111 0.75
1700000 6.083333333333333 0.71875
1750000 6.25 0.75
1800000 6.416666666666667 1.0
1850000 6.388888888888889 1.125
1900000 6.305555555555555 1.109375
1950000 6.638888888888889 0.75
2000000 6.583333333333333 0.75
2050000 6.583333333333333 0.84375
2100000 6.611111111111111 0.75
2150000 6.666666666666667 0.75
2200000 6.805555555555555 0.75
2250000 6.888888888888889 1.25
2300000 6.777777777777778 1.296875
2350000 6.75 1.046875
2400000 7.083333333333333 0.75
2450000 6.833333333333333 0.75
2500000 6.972222222222222 0.84375
2550000 6.888888888888889 1.078125
2600000 6.75 0.75
2650000 6.888888888888889 1.0
2700000 6.75 0.75
2750000 6.555555555555555 1.140625
2800000 6.555555555555555 0.75
2850000 6.972222222222222 0.75
2900000 6.666666666666667 1.125
2950000 6.888888888888889 1.125
3000000 6.722222222222222 1.21875
