50000 7.666666666666667 0.15625
100000 8.694444444444445 0.15625
150000 8.777777777777779 0.140625
200000 8.86111111111111 0.203125
250000 9.11111111111111 0.15625
300000 9.222222222222221 0.1875
350000 9.166666666666666 0.140625
400000 9.305555555555555 0.109375
450000 9.13888888888889 0.109375
500000 9.277777777777779 0.140625
550000 9.333333333333334 0.21875
600000 9.13888888888889 0.140625
650000 9.38888888888889 0.15625
700000 8.805555555555555 0.15625
750000 9.222222222222221 0.140625
800000 9.38888888888889 0.203125
850000 8.694444444444445 0.53125
900000 9.305555555555555 0.171875
950000 9.38888888888889 0.1875
1000000 9.222222222222221 0.140625
1050000 9.38888888888889 0.171875
1100000 8.777777777777779 0.140625
1150000 8.75 0.203125
1200000 9.416666666666666 0.1875
1250000 9.38888888888889 0.203125
1300000 9.38888888888889 0.171875
1350000 8.722222222222221 0.171875
1400000 9.222222222222221 0.1875
1450000 9.166666666666666 0.703125
1500000 8.88888888888889 0.1875
1550000 9.36111111111111 0.140625
1600000 9.416666666666666 0.140625
1650000 8.944444444444445 0.171875
1700000 9.38888888888889 0.1875
1750000 9.38888888888889 0.203125
1800000 9.38888888888889 0.15625
1850000 9.11111111111111 0.171875
1900000 9.194444444444445 0.203125
1950000 9.305555555555555 0.203125
2000000 9.166666666666666 0.15625
2050000 9.222222222222221 0.203125
2100000 9.0 0.171875
2150000 9.38888888888889 0.203125
2200000 9.305555555555555 0.203125
2250000 9.38888888888889 0.203125
2300000 9.333333333333334 0.40625
2350000 9.38888888888889 0.15625
2400000 9.38888888888889 0.15625
2450000 9.472222222222221 0.1875
2500000 9.472222222222221 0.125
2550000 9.555555555555555 0.1875
2600000 9.055555555555555 0.140625
2650000 9.472222222222221 0.171875
2700000 9.555555555555555 0.171875
2750000 9.333333333333334 0.15625
2800000 8.583333333333334 0.1875
2850000 9.5 0.140625
2900000 8.333333333333334 0.734375
2950000 9.555555555555555 0.109375
3000000 9.527777777777779 0.15625
