50000 0.1388888888888889 0.03125
100000 1.8055555555555556 0.75
150000 1.9722222222222223 1.125
200000 0.8888888888888888 0.75
250000 0.8055555555555556 0.875
300000 1.3611111111111112 1.09375
350000 2.1944444444444446 0.875
400000 3.111111111111111 1.0
450000 4.194444444444445 1.125
500000 5.138888888888889 1.0625
550000 4.916666666666667 0.75
600000 5.416666666666667 0.875
650000 5.166666666666667 1.234375
700000 5.277777777777778 0.75
750000 5.416666666666667 0.75
800000 5.444444444444445 0.75
850000 5.166666666666667 1.125
900000 5.5 0.875
950000 5.305555555555555 0.859375
1000000 5.694444444444445 1.5
1050000 6.055555555555555 1.125
1100000 5.944444444444445 0.75
1150000 6.277777777777778 0.75
1200000 6.388888888888889 0.875
1250000 6.333333333333333 0.859375
1300000 6.333333333333333 0.75
1350000 5.972222222222222 0.75
1400000 5.833333333333333 1.109375
1450000 6.055555555555555 1.125
1500000 6.083333333333333 1.5
1550000 6.055555555555555 1.0
1600000 6.0 1.109375
1650000 6.111111111111111 1.125
1700000 6.111111111111111 0.75
1750000 6.055555555555555 0.75
1800000 6.333333333333333 0.75
1850000 6.25 0.75
1900000 6.25 0.875
1950000 6.222222222222222 1.0
2000000 6.083333333333333 1.015625
2050000 5.861111111111111 1.0
2100000 6.027777777777778 0.875
2150000 6.25 0.75
2200000 6.361111111111111 1.0
2250000 6.361111111111111 0.875
2300000 6.361111111111111 0.875
2350000 6.5 0.875
2400000 6.722222222222222 1.09375
2450000 6.638888888888889 0.875
2500000 6.722222222222222 0.75
2550000 6.527777777777778 1.125
2600000 6.666666666666667 0.875
2650000 6.638888888888889 0.75
2700000 6.638888888888889 0.875
2750000 6.666666666666667 0.875
2800000 6.611111111111111 0.75
2850000 6.694444444444445 0.984375
2900000 6.777777777777778 1.0
2950000 6.444444444444445 0.75
3000000 6.611111111111111 1.125
