50000 0.25 0.078125
100000 1.9166666666666667 0.546875
150000 2.25 0.75
200000 1.3611111111111112 0.765625
250000 0.75 0.5625
300000 1.6388888888888888 0.625
350000 3.638888888888889 0.921875
400000 4.111111111111111 0.640625
450000 3.861111111111111 0.8125
500000 4.333333333333333 0.703125
550000 4.666666666666667 0.8125
600000 4.944444444444445 0.640625
650000 5.055555555555555 0.546875
700000 5.25 0.6875
750000 5.527777777777778 0.890625
800000 5.75 0.71875
850000 5.166666666666667 0.921875
900000 5.305555555555555 0.65625
950000 5.722222222222222 0.75
1000000 5.833333333333333 0.734375
1050000 5.805555555555555 0.8125
1100000 5.888888888888889 0.859375
1150000 5.888888888888889 0.75
1200000 6.055555555555555 0.890625
1250000 6.527777777777778 0.6875
1300000 6.583333333333333 0.609375
1350000 6.388888888888889 0.875
1400000 6.305555555555555 0.8125
1450000 6.472222222222222 0.734375
1500000 6.472222222222222 1.078125
1550000 6.722222222222222 0.71875
1600000 6.777777777777778 0.84375
1650000 6.583333333333333 0.625
1700000 6.638888888888889 0.6875
1750000 6.444444444444445 0.71875
1800000 6.527777777777778 0.6875
1850000 7.055555555555555 0.75
1900000 6.972222222222222 0.75
1950000 6.75 0.84375
2000000 6.75 0.703125
2050000 7.055555555555555 0.859375
2100000 6.916666666666667 0.8125
2150000 6.944444444444445 0.96875
2200000 7.361111111111111 0.890625
2250000 7.388888888888889 0.890625
2300000 7.138888888888889 0.84375
2350000 7.083333333333333 0.75
2400000 7.388888888888889 0.90625
2450000 7.055555555555555 0.703125
2500000 7.361111111111111 0.859375
2550000 7.416666666666667 0.75
2600000 7.333333333333333 0.875
2650000 7.527777777777778 0.6875
2700000 7.138888888888889 0.8125
2750000 7.361111111111111 0.6875
2800000 6.722222222222222 0.734375
2850000 7.111111111111111 0.78125
2900000 7.5 0.71875
2950000 6.944444444444445 0.84375
3000000 7.555555555555555 0.6875
