50000 0.1111111111111111 0.046875
100000 2.25 1.0
150000 3.3055555555555554 0.75
200000 0.9444444444444444 0.75
250000 1.0555555555555556 1.0
300000 1.8611111111111112 1.0
350000 3.8333333333333335 0.75
400000 4.333333333333333 0.75
450000 4.5 1.25
500000 5.027777777777778 1.125
550000 4.611111111111111 0.75
600000 5.222222222222222 0.75
650000 5.055555555555555 1.0
700000 5.333333333333333 0.875
750000 5.194444444444445 0.75
800000 5.333333333333333 1.125
850000 5.638888888888889 1.109375
900000 5.5 1.0
950000 5.722222222222222 0.75
1000000 5.611111111111111 0.828125
1050000 5.861111111111111 0.75
1100000 6.138888888888889 1.0
1150000 6.138888888888889 0.75
1200000 6.361111111111111 0.875
1250000 6.444444444444445 0.875
1300000 6.388888888888889 1.125
1350000 6.333333333333333 0.75
1400000 6.222222222222222 1.0
1450000 6.333333333333333 0.75
1500000 6.722222222222222 0.875
1550000 6.972222222222222 1.140625
1600000 6.888888888888889 0.75
1650000 6.944444444444445 0.75
1700000 7.027777777777778 1.0
1750000 7.027777777777778 0.875
1800000 6.75 0.8125
1850000 7.25 1.046875
1900000 7.277777777777778 1.125
1950000 7.25 1.125
2000000 7.388888888888889 1.125
2050000 7.333333333333333 1.109375
2100000 7.416666666666667 1.0
2150000 7.361111111111111 1.0
2200000 7.25 0.875
2250000 7.416666666666667 0.75
2300000 7.083333333333333 0.75
2350000 7.416666666666667 0.75
2400000 7.0 1.125
2450000 7.388888888888889 0.875
2500000 7.222222222222222 0.75
2550000 7.111111111111111 0.875
2600000 7.388888888888889 1.0
2650000 7.277777777777778 1.0
2700000 7.166666666666667 0.75
2750000 7.333333333333333 0.75
2800000 7.111111111111111 0.75
2850000 7.416666666666667 0.875
2900000 7.361111111111111 0.828125
2950000 6.972222222222222 0.84375
3000000 7.333333333333333 0.75
