50000 7.583333333333333 0.1875
100000 8.5 0.171875
150000 8.694444444444445 0.15625
200000 8.5 0.171875
250000 8.694444444444445 0.171875
300000 8.694444444444445 0.171875
350000 8.555555555555555 0.171875
400000 8.555555555555555 0.203125
450000 8.666666666666666 0.15625
500000 8.666666666666666 0.171875
550000 8.722222222222221 0.109375
600000 8.61111111111111 0.203125
650000 8.777777777777779 0.203125
700000 8.75 0.171875
750000 8.694444444444445 0.140625
800000 8.777777777777779 0.203125
850000 8.722222222222221 0.6875
900000 8.083333333333334 0.203125
950000 8.666666666666666 0.1875
1000000 7.638888888888889 0.15625
1050000 8.277777777777779 0.140625
1100000 8.13888888888889 0.140625
1150000 8.777777777777779 0.1875
1200000 8.777777777777779 0.15625
1250000 8.777777777777779 0.203125
1300000 8.777777777777779 0.1875
1350000 8.777777777777779 0.203125
1400000 8.777777777777779 0.1875
1450000 8.472222222222221 0.703125
1500000 8.61111111111111 0.171875
1550000 8.777777777777779 0.203125
1600000 8.666666666666666 0.171875
1650000 8.777777777777779 0.125
1700000 8.777777777777779 0.234375
1750000 8.333333333333334 0.171875
1800000 8.666666666666666 0.203125
1850000 8.722222222222221 0.140625
1900000 8.777777777777779 0.109375
1950000 7.277777777777778 0.203125
2000000 8.777777777777779 0.15625
2050000 8.777777777777779 0.203125
2100000 8.63888888888889 0.171875
2150000 8.777777777777779 0.203125
2200000 8.777777777777779 0.1875
2250000 8.722222222222221 0.203125
2300000 7.888888888888889 0.453125
2350000 8.166666666666666 0.1875
2400000 8.777777777777779 0.203125
2450000 8.694444444444445 0.15625
2500000 8.777777777777779 0.15625
2550000 8.694444444444445 0.1875
2600000 8.722222222222221 0.140625
2650000 8.583333333333334 0.203125
2700000 8.5 0.140625
2750000 8.777777777777779 0.1875
2800000 8.777777777777779 0.203125
2850000 8.75 0.15625
2900000 8.722222222222221 0.796875
2950000 8.0 0.203125
3000000 8.777777777777779 0.203125
