50000 0.1111111111111111 0.0625
100000 2.8055555555555554 0.765625
150000 1.3611111111111112 0.84375
200000 1.1111111111111112 0.53125
250000 1.3055555555555556 0.890625
300000 1.2777777777777777 0.65625
350000 2.361111111111111 0.734375
400000 3.8333333333333335 0.84375
450000 4.555555555555555 0.65625
500000 4.333333333333333 0.703125
550000 4.527777777777778 0.703125
600000 4.916666666666667 0.71875
650000 4.694444444444445 0.890625
700000 4.5 0.765625
750000 4.416666666666667 0.734375
800000 4.777777777777778 0.65625
850000 4.666666666666667 0.6875
900000 5.25 1.15625
950000 5.305555555555555 0.59375
1000000 5.416666666666667 1.015625
1050000 5.75 1.046875
1100000 5.611111111111111 0.8125
1150000 6.138888888888889 0.6875
1200000 5.805555555555555 0.84375
1250000 6.0 0.734375
1300000 6.194444444444445 0.859375
1350000 6.25 0.6875
1400000 6.25 0.734375
1450000 6.222222222222222 0.8125
1500000 6.055555555555555 0.734375
1550000 6.305555555555555 0.890625
1600000 5.916666666666667 0.609375
1650000 6.0 0.921875
1700000 6.277777777777778 0.765625
1750000 6.027777777777778 0.8125
1800000 6.083333333333333 0.78125
1850000 6.194444444444445 0.796875
1900000 6.361111111111111 0.828125
1950000 6.361111111111111 0.796875
2000000 6.388888888888889 0.625
2050000 6.166666666666667 0.765625
2100000 6.5 1.0
2150000 6.472222222222222 0.71875
2200000 6.444444444444445 0.90625
2250000 6.5 0.875
2300000 6.305555555555555 0.78125
2350000 6.25 0.703125
2400000 6.444444444444445 0.78125
2450000 6.083333333333333 0.84375
2500000 6.305555555555555 0.84375
2550000 6.333333333333333 0.59375
2600000 6.361111111111111 0.859375
2650000 6.416666666666667 0.578125
2700000 6.5 0.765625
2750000 6.5 0.890625
2800000 6.666666666666667 0.671875
2850000 6.638888888888889 0.953125
2900000 6.694444444444445 0.859375
2950000 6.583333333333333 0.65625
3000000 6.472222222222222 0.890625
