50000 0.1388888888888889 0.078125
100000 1.4444444444444444 0.90625
150000 2.1666666666666665 0.796875
200000 1.2222222222222223 0.78125
250000 0.75 0.625
300000 0.9166666666666666 0.546875
350000 1.5277777777777777 0.765625
400000 2.9166666666666665 0.6875
450000 4.833333333333333 0.890625
500000 5.25 0.65625
550000 4.527777777777778 0.8125
600000 4.833333333333333 0.875
650000 5.138888888888889 0.75
700000 5.027777777777778 0.75
750000 5.388888888888889 0.609375
800000 5.333333333333333 0.90625
850000 5.416666666666667 0.671875
900000 5.777777777777778 0.890625
950000 5.333333333333333 0.84375
1000000 5.611111111111111 0.875
1050000 5.861111111111111 0.765625
1100000 5.833333333333333 0.875
1150000 5.722222222222222 0.796875
1200000 5.833333333333333 0.890625
1250000 5.694444444444445 0.796875
1300000 5.75 0.75
1350000 5.888888888888889 0.671875
1400000 6.083333333333333 0.890625
1450000 6.138888888888889 0.71875
1500000 6.166666666666667 0.90625
1550000 6.305555555555555 0.640625
1600000 6.333333333333333 0.8125
1650000 6.527777777777778 0.59375
1700000 6.694444444444445 0.828125
1750000 6.472222222222222 0.671875
1800000 6.777777777777778 0.875
1850000 6.5 0.671875
1900000 5.75 0.796875
1950000 6.638888888888889 0.78125
2000000 6.416666666666667 1.0
2050000 6.75 0.515625
2100000 6.666666666666667 0.890625
2150000 6.666666666666667 0.8125
2200000 6.777777777777778 1.03125
2250000 6.722222222222222 0.6875
2300000 6.444444444444445 0.765625
2350000 6.5 0.640625
2400000 6.25 0.796875
2450000 6.416666666666667 0.671875
2500000 6.583333333333333 0.84375
2550000 6.694444444444445 0.765625
2600000 6.722222222222222 0.90625
2650000 6.722222222222222 0.875
2700000 6.722222222222222 0.71875
2750000 6.777777777777778 0.765625
2800000 6.527777777777778 0.984375
2850000 6.638888888888889 1.03125
2900000 6.5 0.90625
2950000 6.361111111111111 0.84375
3000000 6.694444444444445 0.9375
