50000 7.5 0.109375
100000 8.472222222222221 0.15625
150000 8.694444444444445 0.203125
200000 8.777777777777779 0.1875
250000 8.63888888888889 0.140625
300000 8.722222222222221 0.203125
350000 8.722222222222221 0.171875
400000 8.63888888888889 0.109375
450000 8.777777777777779 0.125
500000 8.61111111111111 0.15625
550000 8.75 0.15625
600000 8.333333333333334 0.1875
650000 8.805555555555555 0.15625
700000 8.666666666666666 0.203125
750000 8.805555555555555 0.1875
800000 8.805555555555555 0.171875
850000 8.472222222222221 0.453125
900000 8.694444444444445 0.1875
950000 8.833333333333334 0.171875
1000000 8.88888888888889 0.1875
1050000 8.63888888888889 0.1875
1100000 8.555555555555555 0.203125
1150000 8.86111111111111 0.171875
1200000 8.555555555555555 0.171875
1250000 8.833333333333334 0.1875
1300000 8.86111111111111 0.1875
1350000 7.888888888888889 0.203125
1400000 8.916666666666666 0.203125
1450000 8.36111111111111 1.21875
1500000 8.86111111111111 0.203125
1550000 8.86111111111111 0.15625
1600000 6.472222222222222 0.125
1650000 8.777777777777779 0.15625
1700000 8.86111111111111 0.1875
1750000 8.61111111111111 0.171875
1800000 8.36111111111111 0.1875
1850000 8.166666666666666 0.1875
1900000 8.88888888888889 0.15625
1950000 8.833333333333334 0.1875
2000000 8.722222222222221 0.1875
2050000 8.86111111111111 0.109375
2100000 8.75 0.140625
2150000 8.86111111111111 0.109375
2200000 8.86111111111111 0.15625
2250000 8.86111111111111 0.203125
2300000 8.86111111111111 0.578125
2350000 8.86111111111111 0.15625
2400000 8.722222222222221 0.1875
2450000 8.88888888888889 0.1875
2500000 8.75 0.140625
2550000 8.944444444444445 0.171875
2600000 8.805555555555555 0.203125
2650000 8.61111111111111 0.15625
2700000 8.944444444444445 0.171875
2750000 9.027777777777779 0.21875
2800000 8.972222222222221 0.1875
2850000 8.916666666666666 0.1875
2900000 8.833333333333334 0.65625
2950000 8.5 0.171875
3000000 8.833333333333334 0.15625
