50000 0.1111111111111111 0.046875
100000 1.3888888888888888 0.75
150000 2.1944444444444446 1.125
200000 1.2222222222222223 0.75
250000 0.7777777777777778 0.9375
300000 1.0555555555555556 1.0
350000 2.7777777777777777 1.125
400000 3.6944444444444446 0.875
450000 5.0 1.0
500000 5.25 0.9375
550000 5.694444444444445 1.171875
600000 4.722222222222222 1.109375
650000 5.444444444444445 0.875
700000 5.277777777777778 0.84375
750000 5.888888888888889 1.125
800000 6.333333333333333 1.125
850000 6.027777777777778 1.109375
900000 5.972222222222222 0.75
950000 5.972222222222222 0.75
1000000 6.111111111111111 0.875
1050000 6.083333333333333 1.125
1100000 5.666666666666667 0.75
1150000 6.111111111111111 1.109375
1200000 6.361111111111111 1.375
1250000 6.333333333333333 1.125
1300000 6.722222222222222 1.125
1350000 6.638888888888889 1.0
1400000 6.083333333333333 0.75
1450000 6.527777777777778 0.875
1500000 6.638888888888889 0.75
1550000 6.666666666666667 0.875
1600000 6.25 0.875
1650000 6.861111111111111 1.5
1700000 6.583333333333333 0.75
1750000 6.777777777777778 0.75
1800000 6.75 1.0
1850000 6.694444444444445 0.75
1900000 6.833333333333333 0.875
1950000 6.694444444444445 0.796875
2000000 6.861111111111111 0.75
2050000 6.222222222222222 0.75
2100000 6.833333333333333 1.09375
2150000 6.75 1.5
2200000 6.75 0.75
2250000 6.805555555555555 1.125
2300000 6.972222222222222 0.875
2350000 6.833333333333333 0.75
2400000 6.722222222222222 1.078125
2450000 6.777777777777778 0.875
2500000 6.805555555555555 0.875
2550000 6.944444444444445 0.75
2600000 6.916666666666667 0.875
2650000 7.0 0.75
2700000 6.583333333333333 0.75
2750000 6.722222222222222 1.125
2800000 6.777777777777778 0.875
2850000 6.833333333333333 1.5
2900000 7.055555555555555 1.0
2950000 6.972222222222222 1.125
3000000 6.972222222222222 0.875
