50000 0.1388888888888889 0.0625
100000 1.6388888888888888 0.515625
150000 2.0 0.5
200000 1.1111111111111112 0.765625
250000 1.0 0.734375
300000 1.1388888888888888 0.515625
350000 1.75 0.9375
400000 5.0 0.96875
450000 5.75 0.65625
500000 5.333333333333333 0.78125
550000 5.138888888888889 0.8125
600000 5.805555555555555 0.515625
650000 6.055555555555555 0.796875
700000 5.75 0.6875
750000 6.305555555555555 0.71875
800000 6.0 0.75
850000 5.861111111111111 0.671875
900000 5.805555555555555 0.75
950000 5.777777777777778 0.75
1000000 5.861111111111111 0.640625
1050000 6.0 0.890625
1100000 6.055555555555555 0.921875
1150000 6.194444444444445 0.578125
1200000 5.861111111111111 0.921875
1250000 6.166666666666667 0.515625
1300000 6.083333333333333 0.875
1350000 6.027777777777778 0.9375
1400000 6.0 0.78125
1450000 6.083333333333333 0.625
1500000 5.805555555555555 0.59375
1550000 6.083333333333333 0.875
1600000 5.972222222222222 0.75
1650000 6.027777777777778 0.859375
1700000 6.222222222222222 0.875
1750000 6.111111111111111 0.875
1800000 6.277777777777778 0.78125
1850000 6.361111111111111 0.484375
1900000 6.277777777777778 0.890625
1950000 6.388888888888889 0.8125
2000000 6.611111111111111 0.890625
2050000 6.777777777777778 0.828125
2100000 6.722222222222222 0.828125
2150000 6.555555555555555 0.84375
2200000 6.694444444444445 0.75
2250000 6.611111111111111 0.9375
2300000 6.333333333333333 0.75
2350000 6.611111111111111 0.84375
2400000 6.361111111111111 0.734375
2450000 6.722222222222222 0.90625
2500000 6.611111111111111 0.640625
2550000 6.805555555555555 0.921875
2600000 6.5 0.8125
2650000 6.777777777777778 0.796875
2700000 6.833333333333333 0.90625
2750000 6.555555555555555 0.78125
2800000 6.472222222222222 1.015625
2850000 6.694444444444445 0.65625
2900000 6.5 0.78125
2950000 6.388888888888889 0.65625
3000000 6.388888888888889 0.6875
