50000 7.722222222222222 0.109375
100000 8.61111111111111 0.09375
150000 8.666666666666666 0.09375
200000 8.694444444444445 0.09375
250000 8.527777777777779 0.65625
300000 8.61111111111111 0.09375
350000 7.527777777777778 0.09375
400000 8.694444444444445 0.109375
450000 8.694444444444445 0.09375
500000 8.722222222222221 0.109375
550000 8.63888888888889 0.109375
600000 8.722222222222221 0.09375
650000 8.583333333333334 0.09375
700000 8.972222222222221 0.09375
750000 8.694444444444445 0.09375
800000 8.972222222222221 0.09375
850000 8.583333333333334 0.875
900000 8.972222222222221 0.09375
950000 9.027777777777779 0.09375
1000000 8.555555555555555 0.109375
1050000 8.972222222222221 0.09375
1100000 9.194444444444445 0.21875
1150000 9.194444444444445 0.09375
1200000 9.194444444444445 0.09375
1250000 9.194444444444445 0.09375
1300000 8.88888888888889 0.09375
1350000 9.222222222222221 0.09375
1400000 8.944444444444445 0.09375
1450000 9.194444444444445 0.875
1500000 8.694444444444445 0.09375
1550000 9.194444444444445 0.09375
1600000 8.944444444444445 0.09375
1650000 9.194444444444445 0.09375
1700000 9.11111111111111 0.546875
1750000 9.027777777777779 0.09375
1800000 9.194444444444445 0.09375
1850000 9.194444444444445 0.09375
1900000 9.166666666666666 0.09375
1950000 9.166666666666666 0.109375
2000000 9.194444444444445 0.09375
2050000 9.194444444444445 0.09375
2100000 9.166666666666666 0.09375
2150000 9.194444444444445 0.09375
2200000 9.11111111111111 0.09375
2250000 9.194444444444445 0.09375
2300000 9.194444444444445 0.765625
2350000 9.194444444444445 0.109375
2400000 8.833333333333334 0.09375
2450000 9.13888888888889 0.09375
2500000 9.194444444444445 0.09375
2550000 8.694444444444445 0.15625
2600000 8.805555555555555 0.09375
2650000 9.194444444444445 0.09375
2700000 9.194444444444445 0.09375
2750000 9.194444444444445 0.09375
2800000 7.166666666666667 0.09375
2850000 9.055555555555555 0.109375
2900000 9.055555555555555 0.796875
2950000 9.194444444444445 0.09375
3000000 9.194444444444445 0.109375
