50000 7.777777777777778 0.140625
100000 8.194444444444445 0.1875
150000 8.38888888888889 0.125
200000 8.527777777777779 0.1875
250000 8.527777777777779 0.15625
300000 8.5 0.1875
350000 8.777777777777779 0.203125
400000 8.61111111111111 0.15625
450000 8.61111111111111 0.171875
500000 8.86111111111111 0.203125
550000 8.75 0.1875
600000 8.027777777777779 0.203125
650000 8.833333333333334 0.171875
700000 8.86111111111111 0.203125
750000 8.694444444444445 0.203125
800000 8.86111111111111 0.15625
850000 8.833333333333334 0.625
900000 8.63888888888889 0.1875
950000 8.833333333333334 0.203125
1000000 8.666666666666666 0.09375
1050000 8.86111111111111 0.203125
1100000 8.86111111111111 0.1875
1150000 8.916666666666666 0.1875
1200000 8.916666666666666 0.15625
1250000 8.916666666666666 0.15625
1300000 8.88888888888889 0.140625
1350000 8.88888888888889 0.140625
1400000 8.972222222222221 0.15625
1450000 9.0 0.90625
1500000 8.972222222222221 0.15625
1550000 9.0 0.1875
1600000 8.972222222222221 0.203125
1650000 8.944444444444445 0.203125
1700000 9.0 0.171875
1750000 9.027777777777779 0.140625
1800000 9.0 0.171875
1850000 9.027777777777779 0.1875
1900000 9.027777777777779 0.15625
1950000 9.0 0.1875
2000000 8.972222222222221 0.125
2050000 9.027777777777779 0.15625
2100000 9.0 0.1875
2150000 9.027777777777779 0.15625
2200000 9.027777777777779 0.1875
2250000 9.0 0.15625
2300000 8.972222222222221 0.5625
2350000 8.36111111111111 0.15625
2400000 9.027777777777779 0.109375
2450000 8.972222222222221 0.171875
2500000 9.027777777777779 0.1875
2550000 9.027777777777779 0.171875
2600000 8.88888888888889 0.15625
2650000 8.972222222222221 0.15625
2700000 8.944444444444445 0.203125
2750000 9.027777777777779 0.109375
2800000 8.88888888888889 0.171875
2850000 8.222222222222221 0.203125
2900000 9.055555555555555 0.921875
2950000 9.027777777777779 0.203125
3000000 8.63888888888889 0.203125
