50000 7.444444444444445 0.109375
100000 8.63888888888889 0.109375
150000 8.694444444444445 0.109375
200000 8.583333333333334 0.109375
250000 8.694444444444445 0.34375
300000 8.666666666666666 0.125
350000 8.694444444444445 0.109375
400000 8.694444444444445 0.109375
450000 8.694444444444445 0.109375
500000 8.694444444444445 0.109375
550000 8.527777777777779 0.109375
600000 8.694444444444445 0.109375
650000 8.305555555555555 0.109375
700000 8.694444444444445 0.109375
750000 8.694444444444445 0.109375
800000 8.305555555555555 0.125
850000 8.694444444444445 0.71875
900000 8.63888888888889 0.109375
950000 8.694444444444445 0.109375
1000000 8.61111111111111 0.125
1050000 8.694444444444445 0.109375
1100000 8.666666666666666 0.109375
1150000 8.694444444444445 0.125
1200000 8.694444444444445 0.109375
1250000 8.694444444444445 0.109375
1300000 8.666666666666666 0.109375
1350000 8.805555555555555 0.15625
1400000 8.86111111111111 0.15625
1450000 8.916666666666666 1.515625
1500000 8.88888888888889 0.109375
1550000 8.972222222222221 0.109375
1600000 8.88888888888889 0.125
1650000 8.805555555555555 0.125
1700000 7.361111111111111 0.234375
1750000 8.972222222222221 0.109375
1800000 8.972222222222221 0.109375
1850000 8.916666666666666 0.109375
1900000 8.583333333333334 0.125
1950000 8.972222222222221 0.125
2000000 8.666666666666666 0.125
2050000 8.972222222222221 0.109375
2100000 8.722222222222221 0.15625
2150000 8.86111111111111 0.109375
2200000 8.972222222222221 0.109375
2250000 8.972222222222221 0.109375
2300000 8.916666666666666 0.6875
2350000 8.916666666666666 0.125
2400000 8.444444444444445 0.109375
2450000 8.972222222222221 0.109375
2500000 8.833333333333334 0.125
2550000 8.944444444444445 0.125
2600000 8.88888888888889 0.109375
2650000 8.88888888888889 0.109375
2700000 8.972222222222221 0.125
2750000 8.972222222222221 0.109375
2800000 8.944444444444445 0.109375
2850000 8.972222222222221 0.125
2900000 8.916666666666666 1.25
2950000 8.972222222222221 0.125
3000000 8.972222222222221 0.125
