50000 1.5 0.13290990999666974
100000 1.6538461538461537 0.1329789899973548
150000 1.7692307692307692 0.1323205840017181
200000 1.7692307692307692 0.1332335570041323
250000 1.7692307692307692 0.13256789799925173
300000 1.75 0.13318516800063662
350000 1.75 0.13277776299946709
400000 1.75 0.1336920569956419
450000 1.75 0.13304166700254427
500000 1.75 0.13198346299759578
550000 1.75 0.13324976800504373
600000 1.75 0.13309637999918777
650000 1.75 0.13392783000017516
700000 1.75 0.13388148200465366
750000 1.75 0.13266786799795227
800000 1.75 0.13296731800073758
850000 1.7307692307692308 0.13349585800460773
900000 1.7307692307692308 0.13260170199646382
950000 1.75 0.1337382229976356
1000000 1.7307692307692308 0.13219121300062397
1050000 1.6923076923076923 0.13239672800409608
1100000 1.75 0.13165511799888918
1150000 1.75 0.1318213089980418
1200000 1.75 0.1325814649972017
1250000 1.7307692307692308 0.13374783199833473
1300000 1.75 0.13278367300517857
1350000 1.7307692307692308 0.1330949370021699
1400000 1.7307692307692308 0.1324302809953224
1450000 1.75 0.13295089699386153
1500000 1.7307692307692308 0.13372145099856425
1550000 1.75 0.13443205500516342
1600000 1.7307692307692308 0.1326016110033379
1650000 1.75 0.13295888199354522
1700000 1.75 0.1336144710003282
1750000 1.75 0.13257766700553475
1800000 1.75 0.13251800499710953
1850000 1.7692307692307692 0.13290886799950385
1900000 1.7692307692307692 0.13266319799731718
1950000 1.75 0.13240668499929598
2000000 1.75 0.13341594899975462
2050000 1.75 0.13295803200162482
2100000 1.75 0.1330035559949465
2150000 1.7115384615384615 0.13334628899610834
2200000 1.7692307692307692 0.13254226100252708
2250000 1.75 0.13292735199502204
2300000 1.7692307692307692 0.1330158099954133
2350000 1.7692307692307692 0.1328116049990058
2400000 1.7692307692307692 0.1337069450019044
2450000 1.75 0.1329584609993617
2500000 1.75 0.13298503000260098
2550000 1.7692307692307692 0.1325694939951063
2600000 1.7692307692307692 0.13281356999505078
2650000 1.75 0.13334721099818125
2700000 1.7115384615384615 0.13208452399703674
2750000 1.75 0.1330271709957742
2800000 1.75 0.1321645720017841
2850000 1.7692307692307692 0.1327559810015373
2900000 1.7692307692307692 0.13220151200221153
2950000 1.7884615384615385 0.13261357600276824
3000000 1.7692307692307692 0.13280722699710168
