50000 1.0769230769230769 0.132296139999994
100000 1.0961538461538463 0.13189658100000656
150000 1.0961538461538463 0.13119186800003035
200000 1.0961538461538463 0.1318592320000107
250000 1.6538461538461537 0.13199914199998375
300000 1.6538461538461537 0.13259512000001905
350000 1.6346153846153846 0.1327486279999448
400000 1.6923076923076923 0.13262161899990588
450000 1.6923076923076923 0.13332043000002614
500000 1.6730769230769231 0.131833332000042
550000 1.6730769230769231 0.13319015699994452
600000 1.5576923076923077 0.132194489000085
650000 1.6153846153846154 0.13212987799988696
700000 1.5961538461538463 0.13225183700001253
750000 1.6730769230769231 0.13206501500008017
800000 1.6153846153846154 0.1327293809999901
850000 1.7115384615384615 0.13254231099995195
900000 1.6346153846153846 0.13229182200007017
950000 1.6346153846153846 0.13325186199995187
1000000 1.7115384615384615 0.1320174270001644
1050000 1.6923076923076923 0.13272753899991585
1100000 1.6923076923076923 0.13178701500009993
1150000 1.6923076923076923 0.13251564199981658
1200000 1.6730769230769231 0.13308763299983184
1250000 1.6730769230769231 0.13200442300012583
1300000 1.6923076923076923 0.13259742499985805
1350000 1.7115384615384615 0.1317975749998368
1400000 1.6923076923076923 0.13334614699988379
1450000 1.7307692307692308 0.13150896300021486
1500000 1.7307692307692308 0.13177469099991868
1550000 1.7115384615384615 0.13272466399985205
1600000 1.7307692307692308 0.13191873000005216
1650000 1.7307692307692308 0.13319128800003455
1700000 1.7115384615384615 0.13260380600013377
1750000 1.7307692307692308 0.1327117979999457
1800000 1.7307692307692308 0.13317986599986398
1850000 1.7307692307692308 0.13202467099972637
1900000 1.7307692307692308 0.1331884030000765
1950000 1.6923076923076923 0.13265140499970585
2000000 1.6923076923076923 0.13369552299991483
2050000 1.6923076923076923 0.13367908300006093
2100000 1.7115384615384615 0.13330079299976205
2150000 1.6923076923076923 0.1330631770006221
2200000 1.6923076923076923 0.1318760719996135
2250000 1.7307692307692308 0.1323431589999018
2300000 1.7115384615384615 0.13225722599963774
2350000 1.7115384615384615 0.13198352300059923
2400000 1.7307692307692308 0.13234000200009177
2450000 1.7115384615384615 0.1323742670001593
2500000 1.7115384615384615 0.13301722199958022
2550000 1.6730769230769231 0.13151791099971888
2600000 1.7115384615384615 0.13190248200044152
2650000 1.7307692307692308 0.1325083680003445
2700000 1.7115384615384615 0.13247379300082684
2750000 1.7307692307692308 0.13221100000009756
2800000 1.7307692307692308 0.13217474300017784
2850000 1.7115384615384615 0.1325170939999225
2900000 1.7307692307692308 0.13179535099970963
2950000 1.7307692307692308 0.13186226500056364
3000000 1.7307692307692308 0.13275968000016292
