50000 0.15384615384615385 0.08231473799969535
100000 0.9230769230769231 0.1116442009988532
150000 0.8846153846153846 0.11144995500217192
200000 0.9230769230769231 0.11161289099982241
250000 0.8653846153846154 0.11136187200099812
300000 1.1346153846153846 0.11188564300027792
350000 1.2884615384615385 0.11160400600056164
400000 1.4038461538461537 0.11161426400212804
450000 1.3461538461538463 0.11107584399724146
500000 1.4615384615384615 0.11132532299961895
550000 1.4423076923076923 0.11129133599752095
600000 1.3269230769230769 0.11141001199939637
650000 1.4423076923076923 0.11162147699724301
700000 1.4615384615384615 0.11108238599990727
750000 1.4423076923076923 0.11203296899839188
800000 1.4807692307692308 0.11139117700076895
850000 1.4038461538461537 0.11111831399830407
900000 1.4807692307692308 0.11177725000015926
950000 1.3461538461538463 0.11142244399889023
1000000 1.3653846153846154 0.11161885299952701
1050000 1.4230769230769231 0.11066712799947709
1100000 1.4615384615384615 0.11130465300084325
1150000 1.4423076923076923 0.11170984399723238
1200000 1.5384615384615385 0.11134654199850047
1250000 1.5576923076923077 0.11128597900096793
1300000 1.6153846153846154 0.11081985400232952
1350000 1.6153846153846154 0.11125232599806623
1400000 1.5384615384615385 0.11122775900003035
1450000 1.5576923076923077 0.11114220900344662
1500000 1.6730769230769231 0.11112052900352865
1550000 1.6923076923076923 0.1114852909995534
1600000 1.7884615384615385 0.11146945200016489
1650000 1.6538461538461537 0.11197152500244556
1700000 1.6730769230769231 0.1119655820002663
1750000 1.7692307692307692 0.11113750999720651
1800000 1.7692307692307692 0.11123772700011614
1850000 1.8653846153846154 0.11093643300046097
1900000 1.8846153846153846 0.11150161299883621
1950000 1.8461538461538463 0.11122990399962873
2000000 1.8653846153846154 0.11161012599768583
2050000 1.8653846153846154 0.11121481599911931
2100000 1.8461538461538463 0.11094862599929911
2150000 1.9038461538461537 0.11105259999749251
2200000 1.7884615384615385 0.11056521800128394
2250000 1.9230769230769231 0.11144587800299632
2300000 1.8461538461538463 0.11135131099945283
2350000 1.8076923076923077 0.1112102959996264
2400000 1.7884615384615385 0.1112424769999052
2450000 1.8269230769230769 0.11113102899980731
2500000 1.75 0.11089703900142922
2550000 1.8653846153846154 0.11056166000344092
2600000 1.8076923076923077 0.11100071400142042
2650000 1.7692307692307692 0.11068210500161513
2700000 1.75 0.1117571129980206
2750000 1.6923076923076923 0.1104354039998725
2800000 1.6538461538461537 0.11127274200043757
2850000 1.7307692307692308 0.11119603000042844
2900000 1.7115384615384615 0.11076897000020836
2950000 1.7307692307692308 0.11097268099911162
3000000 1.75 0.11054293499910273
