50000 0.09615384615384616 0.08000821099994937
100000 0.8846153846153846 0.1111948379984824
150000 1.4038461538461537 0.11091321099956986
200000 1.2115384615384615 0.11080703900370281
250000 1.1923076923076923 0.11116274700179929
300000 1.25 0.11107962299865903
350000 1.5769230769230769 0.11174316599499434
400000 1.4807692307692308 0.11099434299831046
450000 1.4038461538461537 0.11173211500135949
500000 1.4615384615384615 0.11051478199806297
550000 1.3461538461538463 0.11083503400004702
600000 1.5 0.11089975300274091
650000 1.5961538461538463 0.11103553799330257
700000 1.7307692307692308 0.11137456399592338
750000 1.7307692307692308 0.11070141100208275
800000 1.6346153846153846 0.11081376299989643
850000 1.75 0.11146555600134889
900000 1.75 0.11109849700005725
950000 1.7692307692307692 0.11138851899886504
1000000 1.7884615384615385 0.11157271599950036
1050000 1.7307692307692308 0.11161846199684078
1100000 1.9038461538461537 0.11159254299855093
1150000 1.9038461538461537 0.1122397670042119
1200000 1.7692307692307692 0.11179180800536415
1250000 1.7692307692307692 0.11167353599739727
1300000 1.5769230769230769 0.11237729500135174
1350000 1.6153846153846154 0.11115818899997976
1400000 1.7307692307692308 0.11129926299327053
1450000 1.8269230769230769 0.1118159920006292
1500000 1.6923076923076923 0.11245698400307447
1550000 1.7692307692307692 0.11149691500031622
1600000 1.75 0.11151838299701922
1650000 1.8846153846153846 0.11244515199359739
1700000 1.9423076923076923 0.11050135700497776
1750000 1.9615384615384615 0.11106979200121714
1800000 1.8846153846153846 0.11192755099909846
1850000 1.8269230769230769 0.11200182000175118
1900000 1.8461538461538463 0.11154218700539786
1950000 1.8653846153846154 0.1115970019964152
2000000 1.8461538461538463 0.1119158299989067
2050000 1.7692307692307692 0.1112770809995709
2100000 1.75 0.11114305099908961
2150000 1.6923076923076923 0.11119626000436256
2200000 1.75 0.11176753199833911
2250000 1.6538461538461537 0.1107270319989766
2300000 1.7115384615384615 0.11164808800094761
2350000 1.7692307692307692 0.11099407100118697
2400000 1.7307692307692308 0.11130335999769159
2450000 1.7692307692307692 0.11150217399699613
2500000 1.7115384615384615 0.1100830630020937
2550000 1.7307692307692308 0.11112737099756487
2600000 1.8461538461538463 0.11080340499756858
2650000 1.8269230769230769 0.11116629499883857
2700000 1.7692307692307692 0.11064510600408539
2750000 1.8076923076923077 0.11066296900389716
2800000 1.8076923076923077 0.1119623069971567
2850000 1.9230769230769231 0.11112314300407888
2900000 1.9230769230769231 0.11115566499938723
2950000 1.9807692307692308 0.1112648190028267
3000000 1.8461538461538463 0.11117056100192713
