50000 1.5 0.13354827699367888
100000 1.75 0.13264563400298357
150000 1.75 0.13135027499811258
200000 1.7307692307692308 0.13318903400067938
250000 1.75 0.132209105999209
300000 1.7307692307692308 0.13307937899662647
350000 1.75 0.13298742600454716
400000 1.75 0.13399831100105075
450000 1.75 0.13356873500015354
500000 1.75 0.1330602420057403
550000 1.75 0.13254554699960863
600000 1.75 0.13255403200309956
650000 1.75 0.1337314510019496
700000 1.75 0.1330771239954629
750000 1.75 0.13309228300204268
800000 1.75 0.13369488400348928
850000 1.75 0.13420549999864306
900000 1.75 0.13358218200301053
950000 1.75 0.1325089680030942
1000000 1.75 0.13209921000088798
1050000 1.75 0.13271527599863475
1100000 1.75 0.13214321399573237
1150000 1.75 0.13328455299779307
1200000 1.75 0.13295145900337957
1250000 1.75 0.1329296269977931
1300000 1.75 0.1323163690030924
1350000 1.7307692307692308 0.13106236699968576
1400000 1.7307692307692308 0.1340142310000374
1450000 1.7307692307692308 0.13288535500032594
1500000 1.7307692307692308 0.13277065900183516
1550000 1.7307692307692308 0.1337852720025694
1600000 1.7307692307692308 0.13254668699664762
1650000 1.7307692307692308 0.13299314599862555
1700000 1.7884615384615385 0.13264858099864796
1750000 1.8846153846153846 0.13237344499793835
1800000 1.8846153846153846 0.13425122600165196
1850000 1.8846153846153846 0.13308717199834064
1900000 1.9230769230769231 0.13399430299614323
1950000 1.9230769230769231 0.13273340099840425
2000000 1.9230769230769231 0.13336703700042563
2050000 1.9230769230769231 0.13289834900206188
2100000 1.9230769230769231 0.13239319199783495
2150000 1.9230769230769231 0.1324920960032614
2200000 1.9230769230769231 0.13165274299535668
2250000 1.9230769230769231 0.1328226480036392
2300000 1.9230769230769231 0.13251446899812436
2350000 1.9230769230769231 0.13324337499943795
2400000 1.9423076923076923 0.13313289800134953
2450000 1.9230769230769231 0.132142410002416
2500000 1.9423076923076923 0.13345263799419627
2550000 1.9423076923076923 0.13284157100133598
2600000 1.9423076923076923 0.13301084900012938
2650000 1.9230769230769231 0.13251070299884304
2700000 1.9423076923076923 0.13337293799850158
2750000 1.9423076923076923 0.13359121800021967
2800000 1.9615384615384615 0.13319355299609015
2850000 1.9423076923076923 0.13405903399689123
2900000 1.9615384615384615 0.1329109919970506
2950000 1.9615384615384615 0.13301298499573022
3000000 1.9230769230769231 0.13448216899996623
