50000 1.3846153846153846 0.13332815399917308
100000 1.7692307692307692 0.13252249399374705
150000 1.75 0.1328886919945944
200000 1.7307692307692308 0.133744555991143
250000 1.7692307692307692 0.13297252700431272
300000 1.7307692307692308 0.13327215999015607
350000 1.7692307692307692 0.13336554600391537
400000 1.7307692307692308 0.13322213500214275
450000 1.7307692307692308 0.1334539099916583
500000 1.7692307692307692 0.1326106000051368
550000 1.8076923076923077 0.13268371700542048
600000 1.8076923076923077 0.1335430280014407
650000 1.8076923076923077 0.1326993350085104
700000 1.8076923076923077 0.13295319100143388
750000 1.8269230769230769 0.13170445000287145
800000 1.8269230769230769 0.1323501400038367
850000 1.8269230769230769 0.13142462499672547
900000 1.8076923076923077 0.13251353699888568
950000 1.8076923076923077 0.13250015200173948
1000000 1.8269230769230769 0.1325086880096933
1050000 1.8269230769230769 0.13302886301244143
1100000 1.8269230769230769 0.13242490199627355
1150000 1.8076923076923077 0.13290048298949841
1200000 1.8076923076923077 0.132308122003451
1250000 1.8269230769230769 0.13284969799860846
1300000 1.8269230769230769 0.13369897000666242
1350000 1.8269230769230769 0.13262782999663614
1400000 1.8269230769230769 0.13393988099414855
1450000 1.8269230769230769 0.13311753900779877
1500000 1.8269230769230769 0.13377973099704832
1550000 1.8269230769230769 0.1341120949946344
1600000 1.8269230769230769 0.1334324019990163
1650000 1.8076923076923077 0.1338498450058978
1700000 1.8269230769230769 0.13311108700872865
1750000 1.8269230769230769 0.13350969400198665
1800000 1.8076923076923077 0.13464599700819235
1850000 1.8076923076923077 0.13339794699277263
1900000 1.8076923076923077 0.13235552099649794
1950000 1.8076923076923077 0.13218361699546222
2000000 1.8269230769230769 0.1338286730024265
2050000 1.8269230769230769 0.13268152200907934
2100000 1.8269230769230769 0.13379903600434773
2150000 1.8269230769230769 0.13407824200112373
2200000 1.8076923076923077 0.13334041798952967
2250000 1.7884615384615385 0.13454356299189385
2300000 1.8076923076923077 0.13299224300135393
2350000 1.8461538461538463 0.13276147299620789
2400000 1.8461538461538463 0.13377694599330425
2450000 1.8461538461538463 0.13244490999204572
2500000 1.8076923076923077 0.13297683600103483
2550000 1.8461538461538463 0.13313491198641714
2600000 1.8461538461538463 0.1333346769970376
2650000 1.7884615384615385 0.13347069299197756
2700000 1.8269230769230769 0.13270460700732656
2750000 1.8269230769230769 0.13352059699536767
2800000 1.8076923076923077 0.13275749600143172
2850000 1.8461538461538463 0.13364504001219757
2900000 1.8461538461538463 0.1331805789959617
2950000 1.8461538461538463 0.13282663399877492
3000000 1.8461538461538463 0.13365449800039642
