50000 1.3076923076923077 0.13259608099906472
100000 1.75 0.13326737099851016
150000 1.75 0.13333643899750314
200000 1.75 0.13212674200258334
250000 1.75 0.13243930799944792
300000 1.7692307692307692 0.1325030379994132
350000 1.75 0.13234011100212228
400000 1.75 0.13373493700055405
450000 1.75 0.13367932300025132
500000 1.75 0.13240847999986727
550000 1.75 0.1333223049987282
600000 1.75 0.13284876600300777
650000 1.75 0.13276242400024785
700000 1.7307692307692308 0.13251712499913992
750000 1.7307692307692308 0.1319710909992864
800000 1.75 0.13338377000036417
850000 1.75 0.13257732700003544
900000 1.75 0.1321212219991139
950000 1.75 0.1337150709987327
1000000 1.75 0.13241955200282973
1050000 1.75 0.1321492950009997
1100000 1.75 0.132593407000968
1150000 1.9038461538461537 0.1322287420007342
1200000 1.9423076923076923 0.13495257099930313
1250000 2.0 0.1319124900001043
1300000 2.0 0.13299838500097394
1350000 1.9615384615384615 0.13118297099936171
1400000 1.9038461538461537 0.13251106399911805
1450000 1.9615384615384615 0.13251041100011207
1500000 1.9615384615384615 0.13218042099833838
1550000 2.0 0.13208050599860144
1600000 2.0384615384615383 0.13230608699814184
1650000 2.019230769230769 0.13234021199968993
1700000 1.9423076923076923 0.1317470689973561
1750000 1.9807692307692308 0.13249337000161177
1800000 2.0 0.13278548699963721
1850000 1.9230769230769231 0.13216102599835722
1900000 1.9423076923076923 0.13305714699890814
1950000 1.9230769230769231 0.13214957399759442
2000000 1.9230769230769231 0.13212309499795083
2050000 1.9807692307692308 0.13279469500048435
2100000 1.9807692307692308 0.13226269699953264
2150000 2.0 0.13212853599907248
2200000 1.9615384615384615 0.1314156879998336
2250000 1.9615384615384615 0.13193402999968384
2300000 2.0 0.13243526099904557
2350000 1.9807692307692308 0.13318040599915548
2400000 2.0 0.132860948000598
2450000 1.9615384615384615 0.13184308099880582
2500000 1.9807692307692308 0.13277193199974135
2550000 1.9038461538461537 0.13064535499870544
2600000 1.9807692307692308 0.13211005900302553
2650000 1.9807692307692308 0.13313227700200514
2700000 2.019230769230769 0.13249187600013101
2750000 2.0 0.13218330900053843
2800000 2.0 0.13238801999978023
2850000 2.019230769230769 0.13305084400053602
2900000 2.0 0.13230601900067995
2950000 1.9807692307692308 0.13213154199911514
3000000 2.0 0.13211181299993768
