50000 0.11538461538461539 0.07859755699973903
100000 1.0576923076923077 0.10953775999951176
150000 1.3076923076923077 0.11052994199962995
200000 1.1923076923076923 0.11057910199997423
250000 1.1538461538461537 0.11086750299909909
300000 1.0961538461538463 0.11050642600093852
350000 1.25 0.11037236499942082
400000 1.2692307692307692 0.11065231900101935
450000 1.25 0.11056137900050089
500000 1.2692307692307692 0.11048499699973036
550000 1.4423076923076923 0.11103095100042992
600000 1.5961538461538463 0.11127934500109404
650000 1.5576923076923077 0.11150697199991555
700000 1.6346153846153846 0.11090670700104965
750000 1.6730769230769231 0.11114040599932196
800000 1.6346153846153846 0.1107917509998515
850000 1.6923076923076923 0.11085628299952077
900000 1.6730769230769231 0.1107207990007737
950000 1.7115384615384615 0.1108517140000913
1000000 1.6923076923076923 0.11107334999906016
1050000 1.6923076923076923 0.1108854270005395
1100000 1.7307692307692308 0.11062338599913346
1150000 1.7884615384615385 0.11071936699954676
1200000 1.8461538461538463 0.11069868699996732
1250000 1.8653846153846154 0.11104787200019928
1300000 1.8846153846153846 0.11063893499886035
1350000 2.019230769230769 0.11082835999877716
1400000 1.9807692307692308 0.11085692400047265
1450000 1.9807692307692308 0.11106549500073015
1500000 1.9423076923076923 0.11086102100125572
1550000 1.9423076923076923 0.11083323000093515
1600000 2.0 0.11119478699947649
1650000 1.9423076923076923 0.11135788400133606
1700000 1.9807692307692308 0.11121722999996564
1750000 1.9423076923076923 0.11103152200121258
1800000 1.8846153846153846 0.11075315000016417
1850000 1.9038461538461537 0.11110464800003683
1900000 2.0 0.11099930999989738
1950000 1.9807692307692308 0.11104963300022064
2000000 1.8846153846153846 0.11066518499865197
2050000 2.0 0.11095074900003965
2100000 1.9615384615384615 0.11124876899884839
2150000 2.0 0.1111748199982685
2200000 2.019230769230769 0.11121600700062118
2250000 2.076923076923077 0.1111693290004041
2300000 1.9807692307692308 0.11097876300118514
2350000 2.1153846153846154 0.1109085000007326
2400000 2.0 0.11105571599910036
2450000 1.9807692307692308 0.11127564899834397
2500000 2.0384615384615383 0.11163989099986793
2550000 1.9807692307692308 0.11141804500039143
2600000 2.019230769230769 0.11120239999945625
2650000 1.9807692307692308 0.1113925770005153
2700000 1.9038461538461537 0.111383391000345
2750000 1.8846153846153846 0.11101262500233133
2800000 1.8846153846153846 0.1114434440023615
2850000 1.9807692307692308 0.11151698300091084
2900000 2.019230769230769 0.11147592399720452
2950000 1.8846153846153846 0.1117176070001733
3000000 1.9615384615384615 0.11129073700067238
