50000 1.4423076923076923 0.13224121600069338
100000 1.75 0.1326066309993621
150000 1.75 0.1333498959938879
200000 1.75 0.13246454500040272
250000 1.75 0.1320204930016189
300000 1.75 0.13236036900343606
350000 1.75 0.13242952200380387
400000 1.75 0.1330022940019262
450000 1.75 0.13207634600257734
500000 1.7884615384615385 0.1320409319960163
550000 1.75 0.13303555499442155
600000 1.7884615384615385 0.13293877500109375
650000 1.9230769230769231 0.13305163699988043
700000 1.9230769230769231 0.1333666870050365
750000 1.9038461538461537 0.13128721700195456
800000 1.9230769230769231 0.13223596599709708
850000 1.9230769230769231 0.1328256019987748
900000 1.9230769230769231 0.1319170499991742
950000 1.9230769230769231 0.1331285409978591
1000000 1.9423076923076923 0.13244446900353068
1050000 1.8076923076923077 0.13203050200536381
1100000 1.9423076923076923 0.13343617499776883
1150000 1.9423076923076923 0.1342134949954925
1200000 1.9615384615384615 0.13356771400140133
1250000 2.1153846153846154 0.1334483899991028
1300000 2.1346153846153846 0.1346798700033105
1350000 2.0961538461538463 0.1333088190003764
1400000 2.1346153846153846 0.1326151379980729
1450000 2.1346153846153846 0.13350506799906725
1500000 2.173076923076923 0.13341730200045276
1550000 2.1346153846153846 0.13357763300155057
1600000 2.1153846153846154 0.13265716699970653
1650000 2.1538461538461537 0.13348098099959316
1700000 2.1538461538461537 0.13216862899571424
1750000 2.1538461538461537 0.13427169399801642
1800000 2.1346153846153846 0.1341373620016384
1850000 2.1538461538461537 0.1338754290045472
1900000 2.0576923076923075 0.1339495399952284
1950000 2.1153846153846154 0.1325642519950634
2000000 2.1538461538461537 0.13310430499404902
2050000 2.173076923076923 0.13205192999885185
2100000 2.173076923076923 0.13251211299939314
2150000 2.1346153846153846 0.1328683820029255
2200000 2.1153846153846154 0.13150147900159936
2250000 2.1346153846153846 0.13312504399800673
2300000 2.1153846153846154 0.13217620499926852
2350000 2.1153846153846154 0.13297052399866516
2400000 2.1346153846153846 0.13276166199648287
2450000 2.1346153846153846 0.13190409399976488
2500000 2.1153846153846154 0.1331091340034618
2550000 2.1346153846153846 0.1320651159985573
2600000 2.1538461538461537 0.13263855100376531
2650000 2.1346153846153846 0.13264464199892245
2700000 2.1538461538461537 0.13327109799865866
2750000 2.1346153846153846 0.13204284299717983
2800000 2.0961538461538463 0.1322087350054062
2850000 2.1153846153846154 0.13266128300165292
2900000 2.1346153846153846 0.1325057630019728
2950000 2.1346153846153846 0.1328032500023255
3000000 2.1153846153846154 0.13415822199749527
