50000 1.3653846153846154 0.1330243350021192
100000 1.6730769230769231 0.13401371899817605
150000 1.7692307692307692 0.13285288400220452
200000 1.75 0.13417237699468387
250000 1.75 0.132642680000572
300000 1.75 0.1332469030021457
350000 1.7692307692307692 0.1332162549952045
400000 1.7692307692307692 0.13337571299780393
450000 1.7692307692307692 0.13395771500654519
500000 1.7692307692307692 0.13305138499708846
550000 1.75 0.133654867997393
600000 1.75 0.13326556800166145
650000 1.75 0.13299834699864732
700000 1.75 0.1330386709960294
750000 1.7692307692307692 0.13231145899771946
800000 1.9423076923076923 0.1333351879948168
850000 1.9038461538461537 0.13280452199978754
900000 2.0 0.13283848699938972
950000 2.0 0.13342056799592683
1000000 1.9807692307692308 0.132150344994443
1050000 2.0 0.1331279709993396
1100000 1.9615384615384615 0.13278413599618943
1150000 1.9615384615384615 0.13309245299751638
1200000 1.9615384615384615 0.13431306099664653
1250000 1.9423076923076923 0.13387525199505035
1300000 1.9807692307692308 0.13370089400268625
1350000 2.076923076923077 0.13348963899625232
1400000 2.0 0.13438203199621057
1450000 2.019230769230769 0.13316466900141677
1500000 2.0 0.13296813900524285
1550000 2.0 0.13407720100076403
1600000 2.019230769230769 0.1335529560019495
1650000 2.0576923076923075 0.13364644200191833
1700000 2.019230769230769 0.13307649300259072
1750000 2.019230769230769 0.13308087099721888
1800000 2.0 0.13318119900213787
1850000 2.019230769230769 0.1321466800000053
1900000 2.0 0.13326036700163968
1950000 2.0 0.13173146000190172
2000000 2.0 0.13322437000169884
2050000 2.0 0.1331677749985829
2100000 2.0 0.13275250600418076
2150000 2.0 0.13370534100249643
2200000 1.9615384615384615 0.13187856700096745
2250000 1.9615384615384615 0.13293077900016215
2300000 2.0 0.13316242200380657
2350000 2.0 0.13345174599817256
2400000 2.019230769230769 0.1336948040043353
2450000 2.0 0.132401287999528
2500000 1.9807692307692308 0.1326960680016782
2550000 2.0 0.13241706500411965
2600000 1.9807692307692308 0.13228675199206918
2650000 2.019230769230769 0.13357873501081485
2700000 2.0 0.1324826589989243
2750000 2.019230769230769 0.13240019501245115
2800000 2.019230769230769 0.13257513400458265
2850000 2.019230769230769 0.13301504599803593
2900000 2.0 0.1327883030025987
2950000 1.9807692307692308 0.13304061599774286
3000000 2.019230769230769 0.1335235019942047
