50000 1.4230769230769231 0.13366322300043976
100000 1.75 0.13401196700033324
150000 1.7692307692307692 0.13322140600030252
200000 1.7692307692307692 0.13378266799918492
250000 1.75 0.1329964619999373
300000 1.75 0.1339428470000712
350000 1.75 0.13413368700003048
400000 1.9423076923076923 0.13354878799964354
450000 1.9615384615384615 0.1325651540000763
500000 2.0 0.13259063199984666
550000 2.019230769230769 0.13187753500005783
600000 2.019230769230769 0.1323159849998774
650000 1.9615384615384615 0.13293801300005725
700000 2.0 0.13309950599978038
750000 1.9807692307692308 0.13268216400047095
800000 1.9807692307692308 0.13322892899941507
850000 1.9807692307692308 0.13186405899978126
900000 1.9807692307692308 0.13199429399992368
950000 1.9807692307692308 0.1361539649997212
1000000 1.9038461538461537 0.13190304199997627
1050000 1.9807692307692308 0.13515391900000395
1100000 2.0 0.1315513319996171
1150000 1.9615384615384615 0.1327303119996941
1200000 2.0 0.13299985099911282
1250000 2.019230769230769 0.13232251800036465
1300000 2.0 0.1326605220001511
1350000 2.019230769230769 0.1316568809997989
1400000 2.019230769230769 0.13250939899990044
1450000 2.019230769230769 0.1325285860002623
1500000 2.0 0.13227524899957643
1550000 1.9807692307692308 0.13280428199868766
1600000 2.0 0.13148986799933482
1650000 1.9807692307692308 0.13253869399886753
1700000 1.9807692307692308 0.13180401700083166
1750000 2.0 0.13194418099919858
1800000 2.019230769230769 0.13300964799964277
1850000 2.019230769230769 0.13250658399920212
1900000 2.0 0.13315435799995612
1950000 1.9807692307692308 0.1318855289991916
2000000 2.1538461538461537 0.13507426900105202
2050000 2.1346153846153846 0.13286955399962608
2100000 2.173076923076923 0.13194555299924104
2150000 2.1153846153846154 0.13283834499998193
2200000 2.1153846153846154 0.13171687300018675
2250000 2.1346153846153846 0.13407802100118715
2300000 2.1538461538461537 0.1337074160001066
2350000 2.076923076923077 0.13279227900056867
2400000 2.0 0.13117101100033324
2450000 2.1346153846153846 0.13227397899936477
2500000 2.1538461538461537 0.13251325599958363
2550000 2.1538461538461537 0.13208257899896125
2600000 2.1538461538461537 0.13249736599937023
2650000 2.1538461538461537 0.13269911499992304
2700000 2.1538461538461537 0.13303034599994135
2750000 2.173076923076923 0.13304897200032428
2800000 2.1923076923076925 0.1324586749997252
2850000 2.1346153846153846 0.13299834499957797
2900000 2.1346153846153846 0.13333268300084455
2950000 2.173076923076923 0.13340622200121288
3000000 2.1538461538461537 0.13377230700098153
