50000 0.17307692307692307 0.08338686800198047
100000 1.0961538461538463 0.11046987699955935
150000 1.1153846153846154 0.11104485599935288
200000 1.0 0.11092513200128451
250000 0.9807692307692307 0.11066611699789064
300000 1.1538461538461537 0.11211950099823298
350000 1.4615384615384615 0.11163905099965632
400000 1.4807692307692308 0.11126952799895662
450000 1.4807692307692308 0.11135618999833241
500000 1.4038461538461537 0.11114140800054884
550000 1.4615384615384615 0.11108313699878636
600000 1.5 0.11134229299932485
650000 1.5192307692307692 0.1109153539982799
700000 1.5384615384615385 0.1113327359998948
750000 1.4807692307692308 0.11048169100104133
800000 1.5 0.11118530900057522
850000 1.5 0.11142539900174597
900000 1.4038461538461537 0.11036352899827762
950000 1.4807692307692308 0.11039167100170744
1000000 1.4807692307692308 0.11065523400247912
1050000 1.5769230769230769 0.110360953000054
1100000 1.6730769230769231 0.11151929499828839
1150000 1.6923076923076923 0.11192042799666524
1200000 1.7884615384615385 0.11130355099885492
1250000 1.6153846153846154 0.11034835000100429
1300000 1.8269230769230769 0.11123987199971452
1350000 1.7884615384615385 0.11040823200164596
1400000 1.6730769230769231 0.11079762100052903
1450000 1.6153846153846154 0.11055365500214975
1500000 1.6923076923076923 0.1103276609974273
1550000 1.7884615384615385 0.11128635900240624
1600000 1.7884615384615385 0.11141324799973518
1650000 1.5961538461538463 0.11125483999785502
1700000 1.6923076923076923 0.11038365599961253
1750000 1.7307692307692308 0.11092044199904194
1800000 1.7115384615384615 0.11078696200274862
1850000 1.7115384615384615 0.11106709700106876
1900000 1.8653846153846154 0.11101757399956114
1950000 1.7884615384615385 0.11078360499959672
2000000 1.7692307692307692 0.11006492900196463
2050000 1.8269230769230769 0.11089389200060396
2100000 1.7692307692307692 0.11036359900026582
2150000 1.8269230769230769 0.11107611500119674
2200000 1.9038461538461537 0.11119285399763612
2250000 1.8269230769230769 0.11093187499864143
2300000 1.8461538461538463 0.1115728470031172
2350000 1.8653846153846154 0.11164538199955132
2400000 1.8076923076923077 0.11102233400015393
2450000 1.8653846153846154 0.11147532399991178
2500000 1.8269230769230769 0.11168024799917475
2550000 1.8461538461538463 0.11136192999765626
2600000 1.8076923076923077 0.11124491100054001
2650000 1.8461538461538463 0.11175992700009374
2700000 1.7884615384615385 0.1112807099998463
2750000 1.8461538461538463 0.11126477799916756
2800000 1.8461538461538463 0.11191176300053485
2850000 1.9230769230769231 0.11200933500003885
2900000 1.8461538461538463 0.11122915200030548
2950000 1.8846153846153846 0.11157634200208122
3000000 1.8846153846153846 0.1106826169998385
