50000 1.5 0.13419862699993246
100000 1.75 0.13406504600061453
150000 1.75 0.13308704200062493
200000 1.75 0.13418574199931754
250000 1.75 0.13358336399869586
300000 1.75 0.1328999819997989
350000 1.75 0.13332614099999773
400000 1.75 0.1341868350009463
450000 1.75 0.1341929659993184
500000 1.75 0.13270774199918378
550000 1.75 0.1331871910006157
600000 1.75 0.13283071200021368
650000 1.75 0.13573817500036967
700000 1.75 0.13335756000014953
750000 1.75 0.13219559999924968
800000 1.75 0.13322474000051443
850000 1.75 0.13375574599922402
900000 1.7692307692307692 0.13281906899828755
950000 1.7692307692307692 0.13284950599881995
1000000 1.75 0.1335956349994376
1050000 1.7307692307692308 0.13303899099992123
1100000 1.7692307692307692 0.1325138389984204
1150000 1.7692307692307692 0.13281769700006407
1200000 1.7884615384615385 0.13271320199964975
1250000 1.7884615384615385 0.13252140199983842
1300000 1.7884615384615385 0.1336875079996389
1350000 1.7884615384615385 0.13203629199961142
1400000 1.8076923076923077 0.1333407679994707
1450000 1.7884615384615385 0.1332672000007733
1500000 1.7884615384615385 0.1329636610007583
1550000 1.7884615384615385 0.13225144599891792
1600000 1.7884615384615385 0.13208951300111949
1650000 1.8653846153846154 0.1334927729985793
1700000 1.9230769230769231 0.13263518599887902
1750000 1.9615384615384615 0.1329627499999333
1800000 1.9230769230769231 0.1338519159999123
1850000 2.0 0.1326315380010783
1900000 2.0384615384615383 0.13302826300059678
1950000 2.0 0.13182345399945916
2000000 2.076923076923077 0.13304690699987987
2050000 2.0 0.1327590879991476
2100000 2.0 0.13299611000002187
2150000 1.9807692307692308 0.1327852670001448
2200000 2.0 0.13182873299956555
2250000 1.9423076923076923 0.13282835599966347
2300000 2.076923076923077 0.1339087449996441
2350000 2.076923076923077 0.1329216929989343
2400000 2.0384615384615383 0.1326235730011831
2450000 2.0384615384615383 0.13235670100038988
2500000 2.0384615384615383 0.13189890499779722
2550000 2.0384615384615383 0.13226864700118313
2600000 2.019230769230769 0.13318360500124982
2650000 2.019230769230769 0.13298547299928032
2700000 2.019230769230769 0.13299679299962008
2750000 2.0384615384615383 0.133068949002336
2800000 2.0384615384615383 0.13265522299843724
2850000 2.0576923076923075 0.13306640399969183
2900000 2.0576923076923075 0.13288823000038974
2950000 2.0 0.13256556499982253
3000000 2.0 0.13272966300064581
