50000 0.11538461538461539 0.0779358050058363
100000 0.9423076923076923 0.10954170799959684
150000 1.2115384615384615 0.111626496000099
200000 1.1346153846153846 0.11178902100073174
250000 1.1153846153846154 0.11096047799946973
300000 1.2692307692307692 0.11174939700140385
350000 1.3653846153846154 0.11120749099791283
400000 1.3076923076923077 0.110737078000966
450000 1.4423076923076923 0.1108993140005623
500000 1.3076923076923077 0.11073613799817394
550000 1.3653846153846154 0.11103676199854817
600000 1.3846153846153846 0.11016400499647716
650000 1.5769230769230769 0.11097020500164945
700000 1.6538461538461537 0.11031426500267116
750000 1.8846153846153846 0.11068726500525372
800000 1.8076923076923077 0.11163244899944402
850000 1.7884615384615385 0.11100055299903033
900000 1.8076923076923077 0.11114403200190281
950000 1.75 0.11125223599810852
1000000 1.75 0.11161607700341847
1050000 1.6923076923076923 0.11155919099837774
1100000 1.8461538461538463 0.11178114700305741
1150000 1.7884615384615385 0.1113567200009129
1200000 1.8269230769230769 0.11086100100510521
1250000 1.7884615384615385 0.11115795700607123
1300000 1.9038461538461537 0.11085822700260906
1350000 1.8076923076923077 0.11105031699844403
1400000 1.9038461538461537 0.11119532900193008
1450000 1.8653846153846154 0.1110322719978285
1500000 1.7884615384615385 0.11150707200431498
1550000 1.9230769230769231 0.11174468800163595
1600000 1.9615384615384615 0.1116669830007595
1650000 1.9423076923076923 0.11142676199960988
1700000 1.8269230769230769 0.11123927000153344
1750000 1.9615384615384615 0.11145779200160177
1800000 1.9230769230769231 0.11167750300228363
1850000 1.8653846153846154 0.11127266399853397
1900000 1.9807692307692308 0.11138298099831445
1950000 1.9038461538461537 0.11199608999595512
2000000 1.9230769230769231 0.11111313400033396
2050000 1.8846153846153846 0.1111123420050717
2100000 1.8846153846153846 0.11078414700023131
2150000 1.9230769230769231 0.11111094000079902
2200000 1.8076923076923077 0.11114099599944893
2250000 1.9038461538461537 0.11212044300191337
2300000 1.9230769230769231 0.11053325600369135
2350000 1.8653846153846154 0.11077113400097005
2400000 1.8269230769230769 0.11101901800429914
2450000 1.8846153846153846 0.11158512800466269
2500000 1.8269230769230769 0.11177754100208404
2550000 1.9230769230769231 0.1107850199987297
2600000 1.9038461538461537 0.1115023839956848
2650000 1.9423076923076923 0.1117034320050152
2700000 1.9230769230769231 0.11183886400249321
2750000 1.9423076923076923 0.1115914710026118
2800000 1.9423076923076923 0.11120586899778573
2850000 1.8846153846153846 0.11158293500193395
2900000 1.9423076923076923 0.11148801800300134
2950000 1.9038461538461537 0.11167278399807401
3000000 1.9423076923076923 0.11198150299605913
