50000 0.11538461538461539 0.09008504899975378
100000 1.0384615384615385 0.11123317999954452
150000 0.8653846153846154 0.11188629400021455
200000 1.1346153846153846 0.11033156799931021
250000 1.0384615384615385 0.11132867800006352
300000 1.0576923076923077 0.11076472900094814
350000 1.0384615384615385 0.11128160999942338
400000 1.1346153846153846 0.1109711180015438
450000 1.2884615384615385 0.11109367800054315
500000 1.3076923076923077 0.11103726200053643
550000 1.3269230769230769 0.11189408999962325
600000 1.3653846153846154 0.11137717900055577
650000 1.4423076923076923 0.11160080900117464
700000 1.5769230769230769 0.11177303099975688
750000 1.6538461538461537 0.11178455399931408
800000 1.6538461538461537 0.11132733600061329
850000 1.6923076923076923 0.11079963600059273
900000 1.7115384615384615 0.11103488699882291
950000 1.6923076923076923 0.1116612730002089
1000000 1.7692307692307692 0.1114654339999106
1050000 1.7115384615384615 0.11066085700076655
1100000 1.6923076923076923 0.10973050299980969
1150000 1.7692307692307692 0.10986546399908548
1200000 1.75 0.11105499600125768
1250000 1.7692307692307692 0.10995306899894786
1300000 1.6730769230769231 0.11083575299926451
1350000 1.8461538461538463 0.11117143299998133
1400000 1.9230769230769231 0.11147217799953069
1450000 1.8076923076923077 0.11132241700033774
1500000 1.9423076923076923 0.11170446300093317
1550000 1.9423076923076923 0.11107225799969456
1600000 1.8269230769230769 0.11150504900069791
1650000 1.9615384615384615 0.11127769099948637
1700000 1.9615384615384615 0.11131974199997785
1750000 1.9423076923076923 0.11117010000089067
1800000 2.0 0.11049311200076772
1850000 2.0576923076923075 0.11189523000030022
1900000 2.0 0.11152783199941041
1950000 1.9807692307692308 0.11138288000074681
2000000 1.9615384615384615 0.11129292099940358
2050000 1.9423076923076923 0.11180275799961237
2100000 1.8846153846153846 0.1107352049984911
2150000 1.9615384615384615 0.11080862199924013
2200000 2.0 0.11153238899896678
2250000 1.9615384615384615 0.111636384999656
2300000 1.9615384615384615 0.11086560100011411
2350000 1.9807692307692308 0.11148467100065318
2400000 1.9807692307692308 0.11122703699948033
2450000 2.0 0.11086092100049427
2500000 1.9807692307692308 0.11115823700129113
2550000 1.9807692307692308 0.11110358599944448
2600000 2.0 0.11106650799956697
2650000 2.0 0.11152053800105932
2700000 2.0576923076923075 0.11150090099908994
2750000 2.0384615384615383 0.11122124600115058
2800000 1.9615384615384615 0.11146290199940267
2850000 1.9423076923076923 0.1111581990007835
2900000 1.9038461538461537 0.1117812579996098
2950000 2.019230769230769 0.11136387400074454
3000000 1.9807692307692308 0.11108709499967517
