50000 0.09615384615384616 0.07850111599691445
100000 0.7692307692307693 0.11079410499951337
150000 0.8461538461538461 0.11111676099972101
200000 1.2307692307692308 0.11144175899971742
250000 1.1346153846153846 0.111599475996627
300000 1.1153846153846154 0.11117958900285885
350000 1.2307692307692308 0.11153134900087025
400000 1.3461538461538463 0.1110302689994569
450000 1.2884615384615385 0.11100403899763478
500000 1.4038461538461537 0.1113923979937681
550000 1.5384615384615385 0.11166220400627935
600000 1.5192307692307692 0.11161466599878622
650000 1.5 0.11144900399813196
700000 1.5 0.11134702200070024
750000 1.5576923076923077 0.11137807100021746
800000 1.6346153846153846 0.11122763900493737
850000 1.8076923076923077 0.11130279899953166
900000 1.7692307692307692 0.11118872599763563
950000 1.6923076923076923 0.11095156100054737
1000000 1.7884615384615385 0.11077980999834836
1050000 1.7307692307692308 0.11105134800163796
1100000 1.6346153846153846 0.11105552699882537
1150000 1.7115384615384615 0.1111379610010772
1200000 1.8461538461538463 0.11103505799837876
1250000 1.75 0.1106872249947628
1300000 1.7884615384615385 0.11068926999723772
1350000 1.8461538461538463 0.11082212900510058
1400000 1.8461538461538463 0.11113541400118265
1450000 1.9615384615384615 0.11124246600229526
1500000 1.9038461538461537 0.11152003800089005
1550000 1.8846153846153846 0.11107635500229662
1600000 1.8461538461538463 0.11162085699470481
1650000 1.8653846153846154 0.11143447700305842
1700000 1.9038461538461537 0.11094687299919315
1750000 1.8653846153846154 0.1108927000022959
1800000 1.8461538461538463 0.11142261500208406
1850000 1.8653846153846154 0.11175183199520689
1900000 1.8653846153846154 0.11092397999891546
1950000 1.8846153846153846 0.11082794999674661
2000000 1.8653846153846154 0.11120323299837764
2050000 1.8846153846153846 0.11197529099445092
2100000 1.8269230769230769 0.11101452999719186
2150000 1.6923076923076923 0.11036291899654316
2200000 1.8269230769230769 0.11193277200072771
2250000 1.8653846153846154 0.1118117349979002
2300000 1.8269230769230769 0.11119875400618184
2350000 1.8846153846153846 0.11100062399782473
2400000 1.8653846153846154 0.11153898300108267
2450000 1.7884615384615385 0.11151387700374471
2500000 1.8461538461538463 0.11135731200192822
2550000 1.7692307692307692 0.11202487300033681
2600000 1.8461538461538463 0.11096050699416082
2650000 1.8653846153846154 0.11125311600335408
2700000 1.8269230769230769 0.11131760699936422
2750000 1.8846153846153846 0.11083289800444618
2800000 1.8461538461538463 0.11177430499810725
2850000 1.8076923076923077 0.11115997199522099
2900000 1.8269230769230769 0.11112753199995495
2950000 1.8269230769230769 0.1110333239994361
3000000 1.8461538461538463 0.11150802500196733
