50000 0.09615384615384616 0.07738457200048288
100000 0.8846153846153846 0.11121898299916211
150000 1.1538461538461537 0.11076408000008087
200000 1.1730769230769231 0.11183591999997589
250000 1.0192307692307692 0.11099538300004497
300000 1.0384615384615385 0.11185164900052769
350000 0.9423076923076923 0.11140894900017884
400000 1.1923076923076923 0.11167704000035883
450000 1.2115384615384615 0.111483779000082
500000 1.1923076923076923 0.11123790800047573
550000 1.3653846153846154 0.11143437700047798
600000 1.2692307692307692 0.11138610600028187
650000 1.3653846153846154 0.11151087200050824
700000 1.4423076923076923 0.11154044500017335
750000 1.5961538461538463 0.11211566400015727
800000 1.6153846153846154 0.11156879699956335
850000 1.6923076923076923 0.11160313399977895
900000 1.6538461538461537 0.11107910000009724
950000 1.6923076923076923 0.11201366200020857
1000000 1.75 0.11146338199978345
1050000 1.75 0.11184692999995605
1100000 1.7884615384615385 0.11112731100001838
1150000 1.8846153846153846 0.11120652800036623
1200000 1.8269230769230769 0.11132224699940707
1250000 1.9807692307692308 0.11188835700068012
1300000 1.9423076923076923 0.1108889730003284
1350000 1.9807692307692308 0.11102705299981608
1400000 1.9615384615384615 0.11062984900036099
1450000 1.9807692307692308 0.110776653999892
1500000 1.9230769230769231 0.1113392279994514
1550000 2.019230769230769 0.11107882099986455
1600000 1.9230769230769231 0.11095200100044167
1650000 1.8846153846153846 0.11088989499967283
1700000 1.8269230769230769 0.11099717700017209
1750000 1.9230769230769231 0.11119572000006883
1800000 1.75 0.11130561499976466
1850000 1.7692307692307692 0.11186840099981055
1900000 1.7884615384615385 0.11144821399921057
1950000 1.8846153846153846 0.11116052299985313
2000000 1.8076923076923077 0.11126012899967463
2050000 1.9230769230769231 0.11081152899987501
2100000 1.7884615384615385 0.11094803400010278
2150000 1.8653846153846154 0.11162873099965509
2200000 1.8461538461538463 0.11153620700042666
2250000 1.8653846153846154 0.11140418000013597
2300000 1.8269230769230769 0.11114513400025317
2350000 1.8269230769230769 0.11137782100013283
2400000 1.8846153846153846 0.11172758599968802
2450000 1.9230769230769231 0.11194907199933368
2500000 1.9038461538461537 0.11152315300023474
2550000 1.8461538461538463 0.11155042500013224
2600000 1.9807692307692308 0.11178994199963199
2650000 1.8653846153846154 0.11228451099941594
2700000 1.8269230769230769 0.11195206800039159
2750000 1.9038461538461537 0.11136158099998283
2800000 1.8653846153846154 0.11156842699983827
2850000 1.8076923076923077 0.11123416100053873
2900000 1.7692307692307692 0.11178759900030855
2950000 1.8653846153846154 0.11198697399959201
3000000 1.8461538461538463 0.11151896499904979
