50000 1.3846153846153846 0.1329801019965089
100000 1.8076923076923077 0.1339894750053645
150000 1.75 0.13236999799846672
200000 1.8269230769230769 0.13341502800176386
250000 1.7884615384615385 0.1317923959941254
300000 1.7884615384615385 0.1335347130006994
350000 1.7884615384615385 0.13299056200048653
400000 1.8076923076923077 0.1329189980024239
450000 1.9423076923076923 0.13339121299941326
500000 1.8076923076923077 0.1317073949976475
550000 1.8461538461538463 0.13264852100110147
600000 1.9423076923076923 0.1321845200000098
650000 1.9423076923076923 0.13294294299703324
700000 1.9230769230769231 0.13254676899668993
750000 1.8846153846153846 0.13275431899819523
800000 1.9423076923076923 0.132882439000241
850000 1.9423076923076923 0.13285166199784726
900000 1.9615384615384615 0.13240182799927425
950000 1.9230769230769231 0.13312604499515146
1000000 1.9423076923076923 0.133216957001423
1050000 1.9423076923076923 0.13319167000008747
1100000 1.9615384615384615 0.13285239299875684
1150000 1.9423076923076923 0.13322907900146674
1200000 1.9615384615384615 0.13303956400341121
1250000 1.9615384615384615 0.13337465099903056
1300000 1.9615384615384615 0.1336592549996567
1350000 1.9615384615384615 0.13277977600228041
1400000 1.9423076923076923 0.1330488010062254
1450000 1.9230769230769231 0.13276739199500298
1500000 1.9230769230769231 0.1333438949950505
1550000 1.9423076923076923 0.13306498200108763
1600000 1.9807692307692308 0.13305755799956387
1650000 1.9615384615384615 0.13316668100014795
1700000 1.9807692307692308 0.13193034399591852
1750000 1.9423076923076923 0.13287023599696113
1800000 1.9038461538461537 0.1320357119984692
1850000 2.0 0.13178320799488574
1900000 1.9807692307692308 0.13200334000430303
1950000 2.0 0.13160618600522866
2000000 1.9615384615384615 0.13281017400004202
2050000 2.0 0.13291310599743156
2100000 2.0 0.13355957799649332
2150000 2.0 0.1326911200012546
2200000 1.9807692307692308 0.13106852700002491
2250000 2.0 0.1330547920006211
2300000 1.9807692307692308 0.13235281499510165
2350000 1.9615384615384615 0.1331016210024245
2400000 2.0 0.13211215499904938
2450000 2.0 0.13221955500193872
2500000 1.9807692307692308 0.13287175900040893
2550000 2.0 0.1326504640019266
2600000 2.019230769230769 0.1334328809971339
2650000 2.019230769230769 0.13272165699891048
2700000 1.9615384615384615 0.13251221500104293
2750000 2.0 0.1330852080063778
2800000 1.9807692307692308 0.13195946800260572
2850000 2.0 0.1326524380056071
2900000 2.019230769230769 0.13240051600587321
2950000 2.0 0.1329679490008857
3000000 1.9807692307692308 0.1332487360050436
