50000 0.09615384615384616 0.08704826400207821
100000 1.1538461538461537 0.11111650100065162
150000 1.1730769230769231 0.11093428900494473
200000 1.1730769230769231 0.11062178300198866
250000 1.3269230769230769 0.11193295200064313
300000 1.2692307692307692 0.1117807670016191
350000 1.3076923076923077 0.11008862300514011
400000 1.3653846153846154 0.11106262999965111
450000 1.2884615384615385 0.11222613199788611
500000 1.2884615384615385 0.11089151899795979
550000 1.2115384615384615 0.11024396400171099
600000 1.3269230769230769 0.10978322000300977
650000 1.3269230769230769 0.11077991899946937
700000 1.25 0.11065379299543565
750000 1.5 0.10983577000297373
800000 1.4807692307692308 0.11064209199685138
850000 1.5769230769230769 0.11138710899831494
900000 1.5 0.11106138800096232
950000 1.6153846153846154 0.11088802300218958
1000000 1.6923076923076923 0.11101236600370612
1050000 1.6538461538461537 0.11076314700039802
1100000 1.6538461538461537 0.11146656700293534
1150000 1.6923076923076923 0.11134857599972747
1200000 1.7884615384615385 0.1117913759953808
1250000 1.7115384615384615 0.11101247499755118
1300000 1.6923076923076923 0.11196560200187378
1350000 1.6923076923076923 0.11220478100585751
1400000 1.5576923076923077 0.11162424199574161
1450000 1.5961538461538463 0.11136937500123167
1500000 1.6923076923076923 0.11106854100216879
1550000 1.75 0.11125846700451802
1600000 1.75 0.11086590100603644
1650000 1.6730769230769231 0.11124560399912298
1700000 1.7307692307692308 0.11148882799898274
1750000 1.75 0.11144503700052155
1800000 1.75 0.1107652699938626
1850000 1.7884615384615385 0.11208687900216319
1900000 1.7884615384615385 0.11104435699962778
1950000 1.7692307692307692 0.11112882399902446
2000000 1.6730769230769231 0.11228365899296477
2050000 1.8461538461538463 0.11179228800028795
2100000 1.7884615384615385 0.11162863099889364
2150000 1.6153846153846154 0.11125267600436928
2200000 1.7307692307692308 0.111936657995102
2250000 1.6538461538461537 0.11121956399438204
2300000 1.6153846153846154 0.11172361000353703
2350000 1.7884615384615385 0.11056098999688402
2400000 1.7884615384615385 0.11025168799824314
2450000 1.7307692307692308 0.11133341799722984
2500000 1.9230769230769231 0.11094541000056779
2550000 1.6923076923076923 0.11044368900184054
2600000 1.8269230769230769 0.11045196399936685
2650000 1.6923076923076923 0.11130197799502639
2700000 1.8269230769230769 0.11193737899884582
2750000 1.8653846153846154 0.11091848000069149
2800000 1.8846153846153846 0.11152233299799263
2850000 1.75 0.11141148500610143
2900000 1.8461538461538463 0.11122369200165849
2950000 1.7884615384615385 0.11165595999773359
3000000 1.8076923076923077 0.11136298299970804
