50000 0.25 0.08812465200026054
100000 0.8846153846153846 0.11139252700013458
150000 1.1346153846153846 0.11142040000049747
200000 1.3269230769230769 0.11104613800125662
250000 1.3653846153846154 0.11141285799749312
300000 1.3461538461538463 0.11213532100009616
350000 1.4423076923076923 0.11145935300010024
400000 1.2692307692307692 0.11170240900173667
450000 1.5 0.11166693300037878
500000 1.5769230769230769 0.11123996199967223
550000 1.4230769230769231 0.1112867690026178
600000 1.4230769230769231 0.1106140170013532
650000 1.5 0.11126246400090167
700000 1.4038461538461537 0.11062093100190395
750000 1.6153846153846154 0.11122760899888817
800000 1.4807692307692308 0.11119122099989909
850000 1.6346153846153846 0.11148981999940588
900000 1.5961538461538463 0.11102382700119051
950000 1.6346153846153846 0.11194732899821247
1000000 1.6538461538461537 0.11066579599719262
1050000 1.6923076923076923 0.1116416750010103
1100000 1.6923076923076923 0.11065616799896816
1150000 1.6923076923076923 0.11097521600095206
1200000 1.7307692307692308 0.1108721329983382
1250000 1.7115384615384615 0.11131774800014682
1300000 1.7115384615384615 0.1110086369990313
1350000 1.75 0.11029341800167458
1400000 1.6923076923076923 0.1115399839982274
1450000 1.7115384615384615 0.11110328500217292
1500000 1.75 0.11124271800144925
1550000 1.7884615384615385 0.11157212599937338
1600000 1.8653846153846154 0.11138498399668606
1650000 1.8269230769230769 0.11025353099830681
1700000 1.8653846153846154 0.11120596699765883
1750000 1.7692307692307692 0.10988687500139349
1800000 1.7307692307692308 0.11114035599894123
1850000 1.7115384615384615 0.11030379699877813
1900000 1.5769230769230769 0.10996389999854728
1950000 1.7115384615384615 0.11112508600126603
2000000 1.7692307692307692 0.1102302889994462
2050000 1.75 0.1104814290010836
2100000 1.7307692307692308 0.11052877900146996
2150000 1.8846153846153846 0.1108334400014428
2200000 1.7307692307692308 0.11063067899885937
2250000 1.8653846153846154 0.1105771199981973
2300000 1.8846153846153846 0.11084356799983652
2350000 1.8653846153846154 0.11083433900057571
2400000 1.9423076923076923 0.11100289799651364
2450000 1.9807692307692308 0.11108390899607912
2500000 1.9038461538461537 0.11088667900185101
2550000 1.9423076923076923 0.11060733599879313
2600000 1.9807692307692308 0.11146737899980508
2650000 1.9423076923076923 0.11132922899560072
2700000 2.0 0.11071851499582408
2750000 1.9615384615384615 0.11062527999456506
2800000 1.9423076923076923 0.11141671399673214
2850000 1.9230769230769231 0.11027186699357117
2900000 1.9615384615384615 0.11139785900013521
2950000 2.0 0.11114466399885714
3000000 2.0 0.11171896100131562
