50000 1.4038461538461537 0.13276775399936014
100000 1.75 0.13382318499861867
150000 1.7692307692307692 0.13179964699884295
200000 1.7692307692307692 0.1325130849982088
250000 1.7692307692307692 0.13187172199832276
300000 1.7692307692307692 0.13362200499977916
350000 1.7692307692307692 0.13334395399942878
400000 1.75 0.13223167899923283
450000 1.75 0.1326417579984991
500000 1.75 0.13187282400031108
550000 1.75 0.13263346199892112
600000 1.9038461538461537 0.13253499699931126
650000 1.9807692307692308 0.13292848499986576
700000 1.9230769230769231 0.13308596999922884
750000 1.9038461538461537 0.1327517120007542
800000 1.9230769230769231 0.1323543990001781
850000 1.9423076923076923 0.13247545599733712
900000 1.9423076923076923 0.13281289899896365
950000 2.0 0.13283258600131376
1000000 1.9807692307692308 0.13273563500115415
1050000 2.0 0.13229438599955756
1100000 2.0 0.13232583599892678
1150000 1.9807692307692308 0.13348226400194108
1200000 1.9807692307692308 0.13326674900235957
1250000 2.0 0.13240681599927484
1300000 1.9807692307692308 0.13260178299969994
1350000 2.0 0.13252912600000855
1400000 2.0 0.1329134570005408
1450000 1.9615384615384615 0.13250767499994254
1500000 1.9807692307692308 0.13352981400021235
1550000 1.9807692307692308 0.1334868429985363
1600000 1.9615384615384615 0.1324659080019046
1650000 1.9615384615384615 0.1323090849982691
1700000 2.019230769230769 0.13222802099699038
1750000 1.9807692307692308 0.13309545799711486
1800000 1.9615384615384615 0.1328882589987188
1850000 2.0 0.13264900200010743
1900000 2.0 0.13259660200128565
1950000 2.019230769230769 0.13166920399817172
2000000 2.019230769230769 0.1323776409990387
2050000 2.0 0.13239372299722163
2100000 1.9615384615384615 0.13281323900082498
2150000 2.019230769230769 0.13318136000088998
2200000 2.0 0.13209320799796842
2250000 1.9807692307692308 0.1320278969978972
2300000 2.0384615384615383 0.1326445330014394
2350000 2.0384615384615383 0.13332590099889785
2400000 2.0576923076923075 0.1325544940009422
2450000 2.1923076923076925 0.1318978720009909
2500000 2.173076923076923 0.13217563399666687
2550000 2.173076923076923 0.13250864899964654
2600000 2.173076923076923 0.1328039340005489
2650000 2.0961538461538463 0.13292501000250923
2700000 2.1153846153846154 0.13299298600031761
2750000 2.1346153846153846 0.13227926699983072
2800000 2.1346153846153846 0.1321759940001357
2850000 2.1538461538461537 0.13323267500163638
2900000 2.1153846153846154 0.13128411100115045
2950000 2.0961538461538463 0.13336109700321686
3000000 2.1153846153846154 0.13270374399871798
