50000 1.6153846153846154 0.13258631300050183
100000 1.7307692307692308 0.1331624140002532
150000 1.75 0.132247539000673
200000 1.75 0.1330209290026687
250000 1.7692307692307692 0.13191926299987244
300000 1.75 0.13348617999872658
350000 1.75 0.13363869699969655
400000 1.75 0.1331061890014098
450000 1.75 0.13301279300139868
500000 1.75 0.13304077599968878
550000 1.75 0.13412155300102313
600000 1.75 0.13306951800041134
650000 1.75 0.13270864300284302
700000 1.7692307692307692 0.13291125199975795
750000 1.75 0.13288358099816833
800000 1.75 0.1329509679999319
850000 1.75 0.13266430899966508
900000 1.75 0.13298457100245287
950000 1.75 0.1328554179999628
1000000 1.75 0.1327390500009642
1050000 1.75 0.13297259799946914
1100000 1.75 0.13241320899760467
1150000 1.75 0.13288118499986012
1200000 1.75 0.1336260839998431
1250000 1.75 0.13383830100065097
1300000 1.7307692307692308 0.13461523000296438
1350000 1.75 0.13343547499971464
1400000 1.75 0.13366657000005944
1450000 1.75 0.13298983999993652
1500000 1.75 0.13350471499870764
1550000 1.75 0.1328863770031603
1600000 1.75 0.13256685800297419
1650000 1.7307692307692308 0.13198402400303166
1700000 1.7307692307692308 0.1319042350005475
1750000 1.7307692307692308 0.1327491599950008
1800000 1.7115384615384615 0.13302020800620085
1850000 1.7307692307692308 0.1338889280013973
1900000 1.75 0.13311586799682118
1950000 1.7307692307692308 0.13244766400021035
2000000 1.75 0.13345247899997048
2050000 1.75 0.1329348180006491
2100000 1.75 0.13266162399668247
2150000 1.75 0.13340520799829392
2200000 1.75 0.13289469099981943
2250000 1.7307692307692308 0.1335843950000708
2300000 1.75 0.13291327800106956
2350000 1.75 0.1318957280018367
2400000 1.75 0.1337351080001099
2450000 1.75 0.13275938900187612
2500000 1.75 0.13289613500091946
2550000 1.75 0.1332726199980243
2600000 1.75 0.13296375200297916
2650000 1.7307692307692308 0.13339415700465906
2700000 1.75 0.1328238389978651
2750000 1.75 0.13343098699988332
2800000 1.75 0.13286033699841937
2850000 1.75 0.1336489960012841
2900000 1.75 0.13338430899602827
2950000 1.7307692307692308 0.13350601899583125
3000000 1.7692307692307692 0.13293093999527628
