50000 0.19230769230769232 0.08344079000016791
100000 0.9807692307692307 0.11075686600088375
150000 0.9038461538461539 0.11140456000066479
200000 0.9038461538461539 0.11128170099982526
250000 1.1538461538461537 0.11216035699908389
300000 1.0384615384615385 0.11142032100178767
350000 1.1923076923076923 0.11146925200227997
400000 1.2692307692307692 0.11152169200067874
450000 1.3846153846153846 0.1107670750025136
500000 1.4038461538461537 0.11049442299918155
550000 1.4807692307692308 0.11124506100168219
600000 1.6346153846153846 0.11103574899971136
650000 1.6346153846153846 0.11112312299883342
700000 1.75 0.11124469100104761
750000 1.8461538461538463 0.11138952200053609
800000 1.7307692307692308 0.1113568610016955
850000 1.75 0.11118701300074463
900000 1.6538461538461537 0.11141975999998976
950000 1.8461538461538463 0.11083972099731909
1000000 1.8269230769230769 0.1106416309994529
1050000 1.8461538461538463 0.11093372699906467
1100000 1.8653846153846154 0.11082977399928495
1150000 1.8846153846153846 0.11118297500070184
1200000 1.8461538461538463 0.11173918699932983
1250000 1.8653846153846154 0.11120307199962554
1300000 1.8076923076923077 0.1113129889999982
1350000 1.7692307692307692 0.11142894600197906
1400000 1.8846153846153846 0.11122361099842237
1450000 1.8269230769230769 0.1121281089981494
1500000 1.9230769230769231 0.11118071999953827
1550000 1.8846153846153846 0.11111816400079988
1600000 1.8653846153846154 0.11132337000162806
1650000 1.8846153846153846 0.11144152999986545
1700000 1.9615384615384615 0.11156541200034553
1750000 1.9423076923076923 0.11138116700021783
1800000 1.8461538461538463 0.11105069599943818
1850000 1.9038461538461537 0.11131958099940675
1900000 1.8461538461538463 0.11170295099873329
1950000 1.9230769230769231 0.11142898699836223
2000000 1.9038461538461537 0.11103864399774466
2050000 1.8461538461538463 0.11138147699966794
2100000 1.9423076923076923 0.11154490400076611
2150000 1.9615384615384615 0.11211643500064383
2200000 1.8653846153846154 0.11179902900039451
2250000 1.9423076923076923 0.11146910100069363
2300000 1.9423076923076923 0.11131912999917404
2350000 1.8846153846153846 0.11176413500288618
2400000 1.9615384615384615 0.11078098999860231
2450000 1.9423076923076923 0.1118839000009757
2500000 1.9038461538461537 0.11161612700016121
2550000 1.9038461538461537 0.1110106510022888
2600000 1.8846153846153846 0.11128011700202478
2650000 1.8269230769230769 0.11067174699928728
2700000 1.7692307692307692 0.11102471800040803
2750000 1.8076923076923077 0.11127421600031084
2800000 1.7692307692307692 0.11000327299916535
2850000 1.9230769230769231 0.11178090600151336
2900000 1.9038461538461537 0.1114913740020711
2950000 1.8653846153846154 0.11117419999936828
3000000 1.8846153846153846 0.11131908999959705
