50000 0.11538461538461539 0.15837389300000382
100000 0.9615384615384616 0.11042674700000532
150000 1.0576923076923077 0.11147792799999934
200000 1.0961538461538463 0.11111622900000384
250000 1.2692307692307692 0.11124977999998009
300000 1.3076923076923077 0.11123426199998221
350000 1.4038461538461537 0.11160171000000219
400000 1.4615384615384615 0.11146496300000308
450000 1.4230769230769231 0.11143877500001054
500000 1.4615384615384615 0.11216109100007543
550000 1.5 0.11167892499997834
600000 1.5 0.11162548499999048
650000 1.5384615384615385 0.11184056800004782
700000 1.5 0.1113424740000255
750000 1.4423076923076923 0.11108913800001119
800000 1.4423076923076923 0.111434607000092
850000 1.5 0.11082590499995604
900000 1.5 0.11145151899995653
950000 1.5769230769230769 0.11111497799993231
1000000 1.5769230769230769 0.11130101599997033
1050000 1.5192307692307692 0.11128255300013734
1100000 1.5769230769230769 0.11141417899989392
1150000 1.6153846153846154 0.11158741400004146
1200000 1.4615384615384615 0.11204076500007432
1250000 1.6346153846153846 0.111197471999958
1300000 1.5961538461538463 0.1129114870000194
1350000 1.5576923076923077 0.1112231409999822
1400000 1.6153846153846154 0.112081359000058
1450000 1.5192307692307692 0.11097020600004726
1500000 1.5384615384615385 0.111492747000284
1550000 1.5576923076923077 0.1114371119997486
1600000 1.5384615384615385 0.11122714800012545
1650000 1.5384615384615385 0.1111954500001957
1700000 1.5384615384615385 0.11086488699993424
1750000 1.5384615384615385 0.11156347900032415
1800000 1.5384615384615385 0.11088733099995807
1850000 1.6538461538461537 0.11128836300031253
1900000 1.6153846153846154 0.11079966600027547
1950000 1.7307692307692308 0.11133433900022283
2000000 1.6923076923076923 0.11178702899997006
2050000 1.6923076923076923 0.1114299989999381
2100000 1.7115384615384615 0.11123814999973547
2150000 1.7307692307692308 0.11108826700001373
2200000 1.7307692307692308 0.1108349129999624
2250000 1.7692307692307692 0.1110747719999381
2300000 1.7884615384615385 0.11065485400013131
2350000 1.7884615384615385 0.1116955960001178
2400000 1.8076923076923077 0.11106554499974663
2450000 1.8076923076923077 0.11142761400014933
2500000 1.7884615384615385 0.11110523999968791
2550000 1.7884615384615385 0.11121473600042009
2600000 1.7884615384615385 0.11144143899991832
2650000 1.6538461538461537 0.1105145920000723
2700000 1.7307692307692308 0.11104225199960638
2750000 1.7115384615384615 0.11120117000018581
2800000 1.6538461538461537 0.11148039299996526
2850000 1.7115384615384615 0.11090581600001315
2900000 1.6923076923076923 0.11082569599966519
2950000 1.8076923076923077 0.11132378899992545
3000000 1.7115384615384615 0.11210592499992345
