50000 0.1111111111111111 0.15822159800154623
100000 1.1666666666666667 0.07734672199876513
150000 1.0555555555555556 0.07725684199976968
200000 1.6944444444444444 0.07751947399810888
250000 1.8888888888888888 0.07822746300371364
300000 2.0833333333333335 0.07789811400289182
350000 2.1666666666666665 0.07833166800264735
400000 2.1666666666666665 0.07763990099920193
450000 2.1666666666666665 0.07794992099661613
500000 2.2222222222222223 0.07788942899787799
550000 2.1944444444444446 0.07769865099544404
600000 2.2222222222222223 0.07752588699804619
650000 2.25 0.07774636099929921
700000 2.25 0.0779754800023511
750000 2.2222222222222223 0.07766233300208114
800000 2.25 0.07772156400460517
850000 2.25 0.07758860499598086
900000 2.3333333333333335 0.07790553900122177
950000 2.3333333333333335 0.07774819400219712
1000000 2.3333333333333335 0.07748375800292706
1050000 2.3333333333333335 0.07804024099459639
1100000 2.3333333333333335 0.07769303999521071
1150000 2.3333333333333335 0.07762353999714833
1200000 2.361111111111111 0.07793016499635996
1250000 2.361111111111111 0.07773847600037698
1300000 2.361111111111111 0.07760623800277244
1350000 2.388888888888889 0.07761603499966441
1400000 2.388888888888889 0.07807852500263834
1450000 2.388888888888889 0.07768577699607704
1500000 2.5277777777777777 0.07800019600108499
1550000 2.5833333333333335 0.07755895800073631
1600000 2.5833333333333335 0.0777206019993173
1650000 2.5833333333333335 0.07751519700104836
1700000 2.5833333333333335 0.07791892399836797
1750000 2.5833333333333335 0.07760778900410514
1800000 2.5833333333333335 0.07788970999536105
1850000 2.5833333333333335 0.07758383499458432
1900000 2.638888888888889 0.07774158200481907
1950000 2.611111111111111 0.07762769699911587
2000000 2.638888888888889 0.07750084999861429
2050000 2.611111111111111 0.0775965599968913
2100000 2.638888888888889 0.07763227700343123
2150000 2.638888888888889 0.07759881299716653
2200000 2.638888888888889 0.07756868599972222
2250000 2.638888888888889 0.07746296899858862
2300000 2.638888888888889 0.07751869400090072
2350000 2.638888888888889 0.07763282700034324
2400000 2.638888888888889 0.07748938800068572
2450000 2.6666666666666665 0.07771195499663008
2500000 2.6666666666666665 0.07768374199804384
2550000 2.6666666666666665 0.07764553099696059
2600000 2.6666666666666665 0.07760521599993808
2650000 2.6666666666666665 0.07764080299966736
2700000 2.6666666666666665 0.0776428270037286
2750000 2.6666666666666665 0.07778636500006542
2800000 2.6666666666666665 0.07758040900080232
2850000 2.6666666666666665 0.07752391500252998
2900000 2.6666666666666665 0.077813967000111
2950000 2.6666666666666665 0.07754723700054456
3000000 2.6666666666666665 0.0779015719963354
