50000 2.3055555555555554 0.09224201500182971
100000 2.388888888888889 0.0923877379973419
150000 2.4444444444444446 0.09252596700389404
200000 2.4444444444444446 0.09235927400004584
250000 2.4444444444444446 0.09139390398922842
300000 2.4444444444444446 0.0923604669951601
350000 2.4444444444444446 0.09246286799316294
400000 2.4444444444444446 0.09103641399997286
450000 2.5 0.09203214199806098
500000 2.5277777777777777 0.09192678399267606
550000 2.5555555555555554 0.09230673599813599
600000 2.5555555555555554 0.09237285998824518
650000 2.5555555555555554 0.09156578700640239
700000 2.5555555555555554 0.09212430300249252
750000 2.5555555555555554 0.09165923099499196
800000 2.5555555555555554 0.09309570500045083
850000 2.5555555555555554 0.09175720599887427
900000 2.5555555555555554 0.09184671299590264
950000 2.5555555555555554 0.0916228119895095
1000000 2.5555555555555554 0.09139473500545137
1050000 2.5555555555555554 0.09251929499441758
1100000 2.5555555555555554 0.09160195400181692
1150000 2.5833333333333335 0.09201463800854981
1200000 2.5833333333333335 0.09222950099501759
1250000 2.5833333333333335 0.09188656701007858
1300000 2.5833333333333335 0.09165472400491126
1350000 2.5833333333333335 0.09152727399487048
1400000 2.5833333333333335 0.092345838987967
1450000 2.5833333333333335 0.09213884000200778
1500000 2.5833333333333335 0.09193281500483863
1550000 2.5833333333333335 0.09247007199155632
1600000 2.5833333333333335 0.09179122900241055
1650000 2.5833333333333335 0.09217655200336594
1700000 2.5833333333333335 0.09169998799916357
1750000 2.5833333333333335 0.09298102000320796
1800000 2.3333333333333335 0.09237568399112206
1850000 2.5833333333333335 0.09162646099866834
1900000 2.5833333333333335 0.09225302499544341
1950000 2.5833333333333335 0.09175026199955028
2000000 2.5833333333333335 0.09196218999568373
2050000 2.5277777777777777 0.09212450399354566
2100000 2.5833333333333335 0.09199749599792995
2150000 2.5833333333333335 0.09206001299025957
2200000 2.5833333333333335 0.09204385400516912
2250000 2.5833333333333335 0.0920907609979622
2300000 2.5833333333333335 0.09206545300548896
2350000 2.5833333333333335 0.09170343399455305
2400000 2.5833333333333335 0.09177916700718924
2450000 2.5833333333333335 0.09161019900056999
2500000 2.5833333333333335 0.09196888300357386
2550000 2.6666666666666665 0.0915235870052129
2600000 2.6666666666666665 0.09217161299602594
2650000 2.6666666666666665 0.09208554100769106
2700000 2.6666666666666665 0.0925306259887293
2750000 2.6666666666666665 0.09283720000530593
2800000 2.6666666666666665 0.09192122299282346
2850000 2.6666666666666665 0.0919856139953481
2900000 2.6666666666666665 0.09246543300105259
2950000 2.6666666666666665 0.09209242300130427
3000000 2.6666666666666665 0.09205963299609721
