50000 0.3055555555555556 0.06287878800139879
100000 1.2777777777777777 0.07785736900041229
150000 1.4444444444444444 0.07728898300047149
200000 1.8055555555555556 0.07789232499999343
250000 2.0555555555555554 0.07765415700123413
300000 2.2777777777777777 0.078051542997855
350000 2.2777777777777777 0.07809179799733101
400000 2.2222222222222223 0.07768600700001116
450000 2.4166666666666665 0.07786330999806523
500000 2.4166666666666665 0.0776377260008303
550000 2.4166666666666665 0.07737901099972078
600000 2.4166666666666665 0.07771651400253177
650000 2.4444444444444446 0.0779738669989456
700000 2.4444444444444446 0.07784226999865496
750000 2.4444444444444446 0.07790153199675842
800000 2.5277777777777777 0.07766375600112951
850000 2.5 0.07780353699854459
900000 2.5 0.0774976440006867
950000 2.5833333333333335 0.07798752400049125
1000000 2.5833333333333335 0.07748335699943709
1050000 2.5833333333333335 0.07761864100029925
1100000 2.5833333333333335 0.0776456009989488
1150000 2.5833333333333335 0.07764217500152881
1200000 2.5833333333333335 0.0782576399979007
1250000 2.5833333333333335 0.07778704700103845
1300000 2.5833333333333335 0.07736552699861932
1350000 2.5833333333333335 0.07756930799951078
1400000 2.5833333333333335 0.07762854000247899
1450000 2.5833333333333335 0.0779086959992128
1500000 2.5833333333333335 0.07752369300214923
1550000 2.5833333333333335 0.07750585800022236
1600000 2.5833333333333335 0.07789485899775173
1650000 2.5833333333333335 0.07748065100167878
1700000 2.5833333333333335 0.07787555300092208
1750000 2.5833333333333335 0.0775857789994916
1800000 2.5833333333333335 0.07743428499816218
1850000 2.611111111111111 0.07756043200060958
1900000 2.611111111111111 0.07766173200070625
1950000 2.7222222222222223 0.07780225500027882
2000000 2.7222222222222223 0.07756602199879126
2050000 2.7222222222222223 0.07777945099951467
2100000 2.7222222222222223 0.07743664000008721
2150000 2.7222222222222223 0.07757464799942682
2200000 2.7222222222222223 0.07735969500208739
2250000 2.7222222222222223 0.07790757300244877
2300000 2.7222222222222223 0.07742759100074181
2350000 2.7222222222222223 0.07773671300310525
2400000 2.7222222222222223 0.07791373500003829
2450000 2.7222222222222223 0.07817211899964605
2500000 2.7222222222222223 0.0777064550020441
2550000 2.7222222222222223 0.07760402299754787
2600000 2.7222222222222223 0.07759398499911185
2650000 2.7222222222222223 0.07807541899819626
2700000 2.7222222222222223 0.0777751849964261
2750000 2.7222222222222223 0.07779828800266841
2800000 2.7222222222222223 0.07790843499969924
2850000 2.7222222222222223 0.07737295900005847
2900000 2.7222222222222223 0.07771736699942267
2950000 2.7222222222222223 0.07765657200070564
3000000 2.7222222222222223 0.0776193410056294
