50000 2.1944444444444446 0.140625
100000 2.4722222222222223 0.140625
150000 2.5 0.109375
200000 2.5555555555555554 0.140625
250000 2.5555555555555554 0.125
300000 2.5555555555555554 0.140625
350000 2.5555555555555554 0.109375
400000 2.5555555555555554 0.140625
450000 2.5555555555555554 0.140625
500000 2.5555555555555554 0.125
550000 2.5555555555555554 0.109375
600000 2.638888888888889 0.125
650000 2.638888888888889 0.125
700000 2.638888888888889 0.125
750000 2.638888888888889 0.125
800000 2.638888888888889 0.125
850000 2.638888888888889 0.265625
900000 2.638888888888889 0.140625
950000 2.638888888888889 0.125
1000000 2.638888888888889 0.140625
1050000 2.638888888888889 0.125
1100000 2.638888888888889 0.125
1150000 2.638888888888889 0.109375
1200000 2.638888888888889 0.125
1250000 2.638888888888889 0.125
1300000 2.638888888888889 0.125
1350000 2.638888888888889 0.125
1400000 2.638888888888889 0.125
1450000 2.6666666666666665 0.453125
1500000 2.6666666666666665 0.125
1550000 2.6666666666666665 0.125
1600000 2.6666666666666665 0.125
1650000 2.6666666666666665 0.125
1700000 2.6666666666666665 0.140625
1750000 2.6666666666666665 0.109375
1800000 2.6666666666666665 0.125
1850000 2.6666666666666665 0.125
1900000 2.6666666666666665 0.125
1950000 2.6666666666666665 0.140625
2000000 2.6666666666666665 0.125
2050000 2.6666666666666665 0.140625
2100000 2.6666666666666665 0.125
2150000 2.6666666666666665 0.125
2200000 2.6666666666666665 0.125
2250000 2.6666666666666665 0.140625
2300000 2.6666666666666665 0.15625
2350000 2.6666666666666665 0.125
2400000 2.6666666666666665 0.125
2450000 2.6666666666666665 0.109375
2500000 2.6666666666666665 0.109375
2550000 2.6666666666666665 0.125
2600000 2.6666666666666665 0.125
2650000 2.6666666666666665 0.125
2700000 2.6666666666666665 0.125
2750000 2.6666666666666665 0.109375
2800000 2.6666666666666665 0.125
2850000 2.6666666666666665 0.140625
2900000 2.6666666666666665 0.4375
2950000 2.6666666666666665 0.125
3000000 2.6666666666666665 0.125
