50000 2.2777777777777777 0.125
100000 2.5277777777777777 0.125
150000 2.5555555555555554 0.125
200000 2.5555555555555554 0.125
250000 2.5833333333333335 0.109375
300000 2.5833333333333335 0.109375
350000 2.5833333333333335 0.109375
400000 2.5833333333333335 0.140625
450000 2.5833333333333335 0.125
500000 2.5833333333333335 0.125
550000 2.5833333333333335 0.109375
600000 2.5833333333333335 0.140625
650000 2.5555555555555554 0.125
700000 2.5833333333333335 0.140625
750000 2.5833333333333335 0.140625
800000 2.5833333333333335 0.109375
850000 2.5833333333333335 0.21875
900000 2.4722222222222223 0.140625
950000 2.5833333333333335 0.125
1000000 2.5833333333333335 0.140625
1050000 2.5833333333333335 0.125
1100000 2.5833333333333335 0.125
1150000 2.5833333333333335 0.109375
1200000 2.5833333333333335 0.125
1250000 2.5555555555555554 0.125
1300000 2.638888888888889 0.125
1350000 2.5833333333333335 0.125
1400000 2.5833333333333335 0.125
1450000 2.5833333333333335 0.46875
1500000 2.5833333333333335 0.125
1550000 2.5833333333333335 0.125
1600000 2.5833333333333335 0.125
1650000 2.5833333333333335 0.125
1700000 2.5833333333333335 0.140625
1750000 2.5833333333333335 0.125
1800000 2.5833333333333335 0.109375
1850000 2.5833333333333335 0.140625
1900000 2.5833333333333335 0.140625
1950000 2.5833333333333335 0.125
2000000 2.5833333333333335 0.125
2050000 2.5833333333333335 0.125
2100000 2.5833333333333335 0.125
2150000 2.5833333333333335 0.109375
2200000 2.5833333333333335 0.125
2250000 2.5833333333333335 0.125
2300000 2.5833333333333335 0.1875
2350000 2.5833333333333335 0.125
2400000 2.5833333333333335 0.125
2450000 2.5833333333333335 0.125
2500000 2.5833333333333335 0.140625
2550000 2.5833333333333335 0.140625
2600000 2.5833333333333335 0.125
2650000 2.5833333333333335 0.125
2700000 2.5833333333333335 0.125
2750000 2.5833333333333335 0.125
2800000 2.5833333333333335 0.125
2850000 2.5555555555555554 0.140625
2900000 2.5833333333333335 0.3125
2950000 2.5833333333333335 0.140625
3000000 2.5 0.125
