50000 2.1666666666666665 0.09347783200064441
100000 2.361111111111111 0.09273031899647322
150000 2.388888888888889 0.09299813300458482
200000 2.388888888888889 0.09273304499947699
250000 2.388888888888889 0.09213604599790415
300000 2.4166666666666665 0.09212953300448135
350000 2.388888888888889 0.09210436599823879
400000 2.4722222222222223 0.09229371200490277
450000 2.5555555555555554 0.09198900999763282
500000 2.5555555555555554 0.09188507599901641
550000 2.5555555555555554 0.09258155200222973
600000 2.5833333333333335 0.0925988730014069
650000 2.5833333333333335 0.09220248000201536
700000 2.5833333333333335 0.09228562600037549
750000 2.5833333333333335 0.09191334799834294
800000 2.5833333333333335 0.09229282999876887
850000 2.5833333333333335 0.09189650599728338
900000 2.5833333333333335 0.0923567399950116
950000 2.5833333333333335 0.09176791599747958
1000000 2.5833333333333335 0.09221230999537511
1050000 2.5833333333333335 0.09237561500049196
1100000 2.5833333333333335 0.09204731999489013
1150000 2.5833333333333335 0.09203245200478705
1200000 2.5833333333333335 0.09297321499616373
1250000 2.5833333333333335 0.09240958000009414
1300000 2.5833333333333335 0.09194596800080035
1350000 2.5833333333333335 0.0918944119985099
1400000 2.5833333333333335 0.09220794100110652
1450000 2.5833333333333335 0.09243789200263564
1500000 2.5833333333333335 0.09249126199574675
1550000 2.5833333333333335 0.09295253599702846
1600000 2.5833333333333335 0.09192356800485868
1650000 2.5833333333333335 0.09251445499830879
1700000 2.5833333333333335 0.09198734700476052
1750000 2.5833333333333335 0.09272910899744602
1800000 2.5833333333333335 0.09306579999974929
1850000 2.5833333333333335 0.09204450399556663
1900000 2.5833333333333335 0.09280712399777258
1950000 2.5833333333333335 0.09228201999940211
2000000 2.5833333333333335 0.09280431899969699
2050000 2.5833333333333335 0.09277542500058189
2100000 2.5833333333333335 0.09226318400033051
2150000 2.5833333333333335 0.09291429500444792
2200000 2.5833333333333335 0.09225230399897555
2250000 2.5833333333333335 0.09217218500270974
2300000 2.5833333333333335 0.09255796700017527
2350000 2.5833333333333335 0.09267010699841194
2400000 2.5833333333333335 0.09246195599553175
2450000 2.611111111111111 0.09234757200465538
2500000 2.611111111111111 0.09304167499794858
2550000 2.611111111111111 0.09184181399905356
2600000 2.611111111111111 0.09265640200464986
2650000 2.611111111111111 0.0922400409981492
2700000 2.611111111111111 0.09272436999890488
2750000 2.611111111111111 0.0933087550001801
2800000 2.611111111111111 0.0921811010048259
2850000 2.611111111111111 0.09201646099973004
2900000 2.611111111111111 0.09270569399814121
2950000 2.611111111111111 0.0925216499963426
3000000 2.611111111111111 0.09288094200019259
