50000 0.1388888888888889 0.1331096159999987
100000 0.9722222222222222 0.0768217079999971
150000 1.1388888888888888 0.07774964699999032
200000 1.7222222222222223 0.07757682300001534
250000 1.8055555555555556 0.07680572600003188
300000 1.8611111111111112 0.07733950699997649
350000 1.9166666666666667 0.07733589000002894
400000 2.138888888888889 0.07741154199993616
450000 2.3055555555555554 0.07775597800002743
500000 2.3055555555555554 0.07719226999995499
550000 2.3333333333333335 0.07727172099998825
600000 2.3333333333333335 0.07777677699994001
650000 2.3333333333333335 0.07845322499997565
700000 2.3333333333333335 0.07741116200008946
750000 2.3333333333333335 0.07748916799994277
800000 2.388888888888889 0.07721001400000205
850000 2.388888888888889 0.0774012929998662
900000 2.388888888888889 0.07756180399996992
950000 2.388888888888889 0.0778285250000863
1000000 2.388888888888889 0.07735711999998784
1050000 2.388888888888889 0.07768511499989472
1100000 2.4444444444444446 0.07776595599989378
1150000 2.4722222222222223 0.07728229099984674
1200000 2.5277777777777777 0.07787291800013918
1250000 2.5277777777777777 0.0774666359998264
1300000 2.5277777777777777 0.07768248099978337
1350000 2.5277777777777777 0.0774737690001075
1400000 2.5277777777777777 0.07808671800012235
1450000 2.5277777777777777 0.07752629800006616
1500000 2.5277777777777777 0.0773301099998207
1550000 2.5277777777777777 0.07729371100003846
1600000 2.5277777777777777 0.07769229899986385
1650000 2.5277777777777777 0.07741106100002071
1700000 2.5277777777777777 0.07772018200012099
1750000 2.5 0.07782000899987906
1800000 2.5 0.07744643900014125
1850000 2.5 0.07738270700019712
1900000 2.5 0.0773618099997293
1950000 2.611111111111111 0.07764310799984742
2000000 2.638888888888889 0.07777193799984161
2050000 2.6666666666666665 0.07757989899982931
2100000 2.6666666666666665 0.07795776600005411
2150000 2.638888888888889 0.07782209200013313
2200000 2.638888888888889 0.07745981299967752
2250000 2.638888888888889 0.07724300600011702
2300000 2.638888888888889 0.07782348499995351
2350000 2.638888888888889 0.07776105799985089
2400000 2.6666666666666665 0.07768514500003221
2450000 2.638888888888889 0.07747897900026146
2500000 2.6666666666666665 0.07782804299995405
2550000 2.6944444444444446 0.0778095589998884
2600000 2.6944444444444446 0.07763850799983629
2650000 2.6666666666666665 0.0777885200000128
2700000 2.6944444444444446 0.07765583099990181
2750000 2.7222222222222223 0.07745742899987818
2800000 2.7222222222222223 0.07757712400007222
2850000 2.6944444444444446 0.0772101150000708
2900000 2.7222222222222223 0.07729657599975326
2950000 2.7222222222222223 0.07799080999984653
3000000 2.7222222222222223 0.07770778800022526
