50000 0.1111111111111111 0.062175559003662784
100000 1.2222222222222223 0.07752251000056276
150000 1.5 0.07739401899743825
200000 1.8055555555555556 0.07747573300002841
250000 1.9444444444444444 0.07768837199546397
300000 2.0277777777777777 0.07818750700243982
350000 2.1666666666666665 0.07790824399853591
400000 2.361111111111111 0.0777635630001896
450000 2.361111111111111 0.07772063300217269
500000 2.361111111111111 0.07806507799978135
550000 2.388888888888889 0.07754910000221571
600000 2.4166666666666665 0.07785501400212524
650000 2.4722222222222223 0.07819226699939463
700000 2.4722222222222223 0.07793839000078151
750000 2.4444444444444446 0.0779827229998773
800000 2.4722222222222223 0.07821632199920714
850000 2.4722222222222223 0.0775185330057866
900000 2.4722222222222223 0.07808023700636113
950000 2.4722222222222223 0.07802989100309787
1000000 2.4722222222222223 0.07767192000028444
1050000 2.4722222222222223 0.07754917100101011
1100000 2.4722222222222223 0.07784129899664549
1150000 2.6666666666666665 0.0781368520038086
1200000 2.6666666666666665 0.07757354700152064
1250000 2.6666666666666665 0.07803075399715453
1300000 2.6666666666666665 0.07772835599462269
1350000 2.6666666666666665 0.07795920000353362
1400000 2.6666666666666665 0.07785154600423994
1450000 2.6666666666666665 0.07793630700325593
1500000 2.6666666666666665 0.07777534500201
1550000 2.6666666666666665 0.07769436300441157
1600000 2.6666666666666665 0.07776223000109894
1650000 2.6666666666666665 0.07817140700353775
1700000 2.6666666666666665 0.07761045499501051
1750000 2.6666666666666665 0.07799455600616056
1800000 2.6944444444444446 0.07783922499947948
1850000 2.6944444444444446 0.07804431900149211
1900000 2.6944444444444446 0.07817601400165586
1950000 2.6944444444444446 0.07778514300298411
2000000 2.6944444444444446 0.07791915399866411
2050000 2.6944444444444446 0.07754276900232071
2100000 2.6944444444444446 0.07777757899748394
2150000 2.6944444444444446 0.07766226300009293
2200000 2.6944444444444446 0.07781113199598622
2250000 2.6666666666666665 0.07784531600191258
2300000 2.6944444444444446 0.07756023199908668
2350000 2.6944444444444446 0.07759355300368043
2400000 2.6944444444444446 0.07786293899698649
2450000 2.6944444444444446 0.07789962900278624
2500000 2.6944444444444446 0.07819313700019848
2550000 2.6944444444444446 0.07773041100153932
2600000 2.6944444444444446 0.07775319299980765
2650000 2.6944444444444446 0.07781440899998415
2700000 2.6944444444444446 0.07748839700070675
2750000 2.6944444444444446 0.07779087300150422
2800000 2.6944444444444446 0.07781832599721383
2850000 2.6944444444444446 0.07756544099538587
2900000 2.6944444444444446 0.07785148700349964
2950000 2.6944444444444446 0.07778339099604636
3000000 2.6944444444444446 0.07765361599740572
