50000 2.25 0.09053421200042067
100000 2.388888888888889 0.09129213300002448
150000 2.388888888888889 0.09033249399999477
200000 2.388888888888889 0.0904468189992258
250000 2.388888888888889 0.0911640840004111
300000 2.4722222222222223 0.0905216080000173
350000 2.4722222222222223 0.09049833500012028
400000 2.5 0.09042130000034376
450000 2.5 0.09089219399993453
500000 2.5277777777777777 0.09056634199987457
550000 2.4722222222222223 0.09101384099994902
600000 2.5277777777777777 0.09101877100056299
650000 2.5277777777777777 0.0909927010006868
700000 2.5277777777777777 0.09111570400000346
750000 2.5277777777777777 0.09080934799931129
800000 2.5277777777777777 0.09047533100056171
850000 2.5277777777777777 0.09059514699947613
900000 2.5277777777777777 0.09030679500028782
950000 2.5 0.09074201200019161
1000000 2.5277777777777777 0.09015082300084032
1050000 2.5277777777777777 0.09106240300025092
1100000 2.5277777777777777 0.0901615220000167
1150000 2.5277777777777777 0.0908213689999684
1200000 2.5277777777777777 0.09130687000106263
1250000 2.5277777777777777 0.09001295599955483
1300000 2.5277777777777777 0.09131107999928645
1350000 2.5277777777777777 0.09020592600063537
1400000 2.5277777777777777 0.0909016719997453
1450000 2.5277777777777777 0.09051254000041808
1500000 2.5277777777777777 0.09158408999974199
1550000 2.5277777777777777 0.0908559260005859
1600000 2.5277777777777777 0.09059821300070325
1650000 2.5277777777777777 0.08993763200123794
1700000 2.5555555555555554 0.09004744899903017
1750000 2.5555555555555554 0.09070247800082143
1800000 2.5555555555555554 0.09108875099991565
1850000 2.5555555555555554 0.09081340599914256
1900000 2.5555555555555554 0.09100100800060318
1950000 2.5555555555555554 0.09093596499951673
2000000 2.5555555555555554 0.09050395499980368
2050000 2.5555555555555554 0.0902794140001788
2100000 2.5555555555555554 0.09042366399989987
2150000 2.5555555555555554 0.09111581300021498
2200000 2.5555555555555554 0.09024775500074611
2250000 2.5555555555555554 0.09126012300112052
2300000 2.5555555555555554 0.09141734799959522
2350000 2.5555555555555554 0.0906621729991457
2400000 2.5555555555555554 0.09039014100017084
2450000 2.5555555555555554 0.09090270200067607
2500000 2.5555555555555554 0.09097523799937335
2550000 2.5555555555555554 0.09030284800064692
2600000 2.5555555555555554 0.0905325889998494
2650000 2.5555555555555554 0.09046586400108936
2700000 2.5555555555555554 0.09124080699984916
2750000 2.5555555555555554 0.09061827000004996
2800000 2.5555555555555554 0.09046252700136392
2850000 2.5555555555555554 0.0911916460008797
2900000 2.5555555555555554 0.09073184299995773
2950000 2.5555555555555554 0.09100961299918708
3000000 2.5555555555555554 0.09100999499969475
