50000 2.2777777777777777 0.0625
100000 2.5277777777777777 0.0625
150000 2.5555555555555554 0.0625
200000 2.5555555555555554 0.046875
250000 2.5 0.390625
300000 2.5555555555555554 0.0625
350000 2.5555555555555554 0.0625
400000 2.4444444444444446 0.046875
450000 2.5555555555555554 0.0625
500000 2.5 0.0625
550000 2.5555555555555554 0.046875
600000 2.5 0.0625
650000 2.5555555555555554 0.046875
700000 2.5555555555555554 0.0625
750000 2.5555555555555554 0.046875
800000 2.5555555555555554 0.046875
850000 2.5555555555555554 0.625
900000 2.5555555555555554 0.046875
950000 2.5555555555555554 0.046875
1000000 2.5555555555555554 0.0625
1050000 2.5555555555555554 0.0625
1100000 2.5555555555555554 0.0625
1150000 2.5555555555555554 0.046875
1200000 2.5 0.046875
1250000 2.5555555555555554 0.0625
1300000 2.5555555555555554 0.0625
1350000 2.5555555555555554 0.0625
1400000 2.5555555555555554 0.046875
1450000 2.5555555555555554 0.625
1500000 2.5555555555555554 0.046875
1550000 2.5555555555555554 0.046875
1600000 2.5555555555555554 0.0625
1650000 2.5555555555555554 0.0625
1700000 2.5555555555555554 0.28125
1750000 2.5555555555555554 0.0625
1800000 2.5555555555555554 0.046875
1850000 2.5555555555555554 0.046875
1900000 2.5555555555555554 0.0625
1950000 2.5555555555555554 0.0625
2000000 2.5555555555555554 0.046875
2050000 2.5555555555555554 0.046875
2100000 2.5555555555555554 0.0625
2150000 2.5555555555555554 0.046875
2200000 2.5555555555555554 0.0625
2250000 2.5555555555555554 0.0625
2300000 2.5555555555555554 0.5625
2350000 2.5555555555555554 0.046875
2400000 2.5555555555555554 0.0625
2450000 2.5555555555555554 0.046875
2500000 2.5555555555555554 0.046875
2550000 2.5555555555555554 0.0625
2600000 2.5555555555555554 0.046875
2650000 2.5555555555555554 0.0625
2700000 2.5555555555555554 0.0625
2750000 2.5555555555555554 0.046875
2800000 2.5555555555555554 0.0625
2850000 2.5555555555555554 0.0625
2900000 2.5555555555555554 0.625
2950000 2.5555555555555554 0.0625
3000000 2.5555555555555554 0.0625
