50000 0.1388888888888889 0.09375
100000 1.1666666666666667 0.71875
150000 1.3888888888888888 0.765625
200000 1.75 0.390625
250000 1.9444444444444444 0.484375
300000 2.111111111111111 0.640625
350000 2.1666666666666665 0.625
400000 2.1944444444444446 0.546875
450000 2.1944444444444446 0.5
500000 2.1944444444444446 0.625
550000 2.1944444444444446 0.8125
600000 2.2222222222222223 0.734375
650000 2.1944444444444446 0.765625
700000 2.2777777777777777 0.328125
750000 2.2777777777777777 0.625
800000 2.3333333333333335 0.671875
850000 2.3333333333333335 0.6875
900000 2.3333333333333335 0.625
950000 2.4722222222222223 0.625
1000000 2.5 0.53125
1050000 2.5 0.625
1100000 2.5277777777777777 0.875
1150000 2.611111111111111 0.625
1200000 2.611111111111111 0.609375
1250000 2.6666666666666665 0.78125
1300000 2.6666666666666665 0.515625
1350000 2.6944444444444446 0.390625
1400000 2.6944444444444446 0.609375
1450000 2.6944444444444446 0.640625
1500000 2.6944444444444446 0.484375
1550000 2.6944444444444446 0.71875
1600000 2.6944444444444446 0.84375
1650000 2.6944444444444446 0.828125
1700000 2.6944444444444446 0.484375
1750000 2.6944444444444446 0.5
1800000 2.6944444444444446 0.484375
1850000 2.6944444444444446 0.625
1900000 2.6944444444444446 0.453125
1950000 2.6944444444444446 0.796875
2000000 2.6666666666666665 0.859375
2050000 2.6944444444444446 0.875
2100000 2.6944444444444446 0.578125
2150000 2.6944444444444446 0.4375
2200000 2.6944444444444446 0.875
2250000 2.6944444444444446 0.515625
2300000 2.6944444444444446 0.625
2350000 2.6944444444444446 0.453125
2400000 2.6944444444444446 0.5
2450000 2.6944444444444446 0.6875
2500000 2.6944444444444446 0.515625
2550000 2.6944444444444446 0.875
2600000 2.6944444444444446 0.359375
2650000 2.6944444444444446 0.734375
2700000 2.7222222222222223 0.78125
2750000 2.7222222222222223 0.546875
2800000 2.7222222222222223 0.578125
2850000 2.7222222222222223 0.328125
2900000 2.7222222222222223 0.828125
2950000 2.7222222222222223 0.734375
3000000 2.7222222222222223 0.515625
