50000 0.1388888888888889 0.05693712700303877
100000 1.25 0.07790425600251183
150000 1.25 0.07881572600308573
200000 1.5555555555555556 0.07731291800155304
250000 2.0833333333333335 0.07798410699615488
300000 2.1944444444444446 0.07844428899988998
350000 2.1944444444444446 0.077842149999924
400000 2.1944444444444446 0.07789388600212988
450000 2.3055555555555554 0.07801377199939452
500000 2.3055555555555554 0.07831499700114364
550000 2.361111111111111 0.07838692200311925
600000 2.361111111111111 0.07774321400211193
650000 2.4166666666666665 0.07838223299768288
700000 2.4722222222222223 0.0782193780032685
750000 2.4722222222222223 0.07838104000256862
800000 2.4722222222222223 0.07808115799707593
850000 2.4722222222222223 0.07817256900307257
900000 2.4722222222222223 0.07858408099855296
950000 2.5 0.07818962199962698
1000000 2.5277777777777777 0.07803540200256975
1050000 2.5277777777777777 0.07824463500583079
1100000 2.5 0.07817247999628307
1150000 2.5277777777777777 0.07793224899796769
1200000 2.5555555555555554 0.07802658500440884
1250000 2.5555555555555554 0.07791334299690789
1300000 2.5833333333333335 0.07825309899635613
1350000 2.5833333333333335 0.07787822800310096
1400000 2.5833333333333335 0.07828538100147853
1450000 2.5833333333333335 0.07775774200126762
1500000 2.5833333333333335 0.07825524499639869
1550000 2.5833333333333335 0.07804168499569641
1600000 2.5833333333333335 0.07784932300273795
1650000 2.5833333333333335 0.07838488800189225
1700000 2.5833333333333335 0.0782222220004769
1750000 2.5833333333333335 0.07862096999451751
1800000 2.5833333333333335 0.07819668499723775
1850000 2.5833333333333335 0.07765172299696133
1900000 2.5833333333333335 0.07824513499508612
1950000 2.6666666666666665 0.07807786299963482
2000000 2.6666666666666665 0.07860650300426641
2050000 2.6666666666666665 0.07800475499971071
2100000 2.6666666666666665 0.07813001899921801
2150000 2.6666666666666665 0.07817477399657946
2200000 2.6666666666666665 0.07805671200185316
2250000 2.6666666666666665 0.07825261999823852
2300000 2.6666666666666665 0.07833724800002528
2350000 2.6666666666666665 0.07857424300163984
2400000 2.6666666666666665 0.07820760500180768
2450000 2.6666666666666665 0.0780364140009624
2500000 2.6666666666666665 0.07835305800108472
2550000 2.6666666666666665 0.07825976199819706
2600000 2.6666666666666665 0.07825378199777333
2650000 2.6944444444444446 0.0779410250033834
2700000 2.6944444444444446 0.07817870200233301
2750000 2.6944444444444446 0.07804763600142905
2800000 2.6944444444444446 0.07792932500160532
2850000 2.6944444444444446 0.07845524000003934
2900000 2.6944444444444446 0.07821172300464241
2950000 2.6944444444444446 0.07816494500002591
3000000 2.6944444444444446 0.0779853380008717
