50000 2.25 0.09145739300220157
100000 2.5277777777777777 0.09134521200030576
150000 2.5833333333333335 0.09138350499779335
200000 2.5833333333333335 0.09182200799841667
250000 2.5833333333333335 0.09123386399733135
300000 2.4444444444444446 0.09170114999869838
350000 2.5277777777777777 0.0910071690013865
400000 2.611111111111111 0.09153630999935558
450000 2.611111111111111 0.09202916600042954
500000 2.611111111111111 0.09130193300006795
550000 2.611111111111111 0.09180159899915452
600000 2.611111111111111 0.09183507100169663
650000 2.638888888888889 0.09170217200153274
700000 2.638888888888889 0.09161722299904795
750000 2.638888888888889 0.0915440659991873
800000 2.638888888888889 0.09176331699927687
850000 2.638888888888889 0.09132176899947808
900000 2.5555555555555554 0.0911580120009603
950000 2.638888888888889 0.09158621499955188
1000000 2.638888888888889 0.09112963900042814
1050000 2.5277777777777777 0.09200883599987719
1100000 2.638888888888889 0.09161915599906933
1150000 2.638888888888889 0.09151014199960628
1200000 2.638888888888889 0.09132153799873777
1250000 2.638888888888889 0.09148452299996279
1300000 2.638888888888889 0.09154186999876401
1350000 2.638888888888889 0.09118366000257083
1400000 2.638888888888889 0.09160929800054873
1450000 2.638888888888889 0.09103598300134763
1500000 2.638888888888889 0.09292718899814645
1550000 2.4722222222222223 0.09075283100173692
1600000 2.638888888888889 0.09128764500201214
1650000 2.638888888888889 0.09180760999879567
1700000 2.638888888888889 0.09068879199912772
1750000 2.638888888888889 0.09157641600177158
1800000 2.638888888888889 0.09089255299477372
1850000 2.638888888888889 0.0914169870011392
1900000 2.638888888888889 0.09171685900219018
1950000 2.638888888888889 0.09119451999868033
2000000 2.611111111111111 0.09156300100585213
2050000 2.638888888888889 0.09174784800416091
2100000 2.638888888888889 0.09115497599850642
2150000 2.638888888888889 0.09149759900174104
2200000 2.638888888888889 0.09188279999943916
2250000 2.638888888888889 0.09165412200673018
2300000 2.638888888888889 0.09135912000056123
2350000 2.638888888888889 0.09168567100277869
2400000 2.638888888888889 0.09176001200103201
2450000 2.638888888888889 0.09093355100048939
2500000 2.638888888888889 0.09159453000029316
2550000 2.638888888888889 0.09152035100123612
2600000 2.611111111111111 0.0915717579991906
2650000 2.638888888888889 0.09142679499927908
2700000 2.638888888888889 0.0918515019948245
2750000 2.638888888888889 0.09132326100370847
2800000 2.638888888888889 0.09128265600156737
2850000 2.638888888888889 0.0915763960001641
2900000 2.638888888888889 0.09156235899718013
2950000 2.5833333333333335 0.0914558809963637
3000000 2.638888888888889 0.09140367299551144
