50000 2.2222222222222223 0.09240761499999905
100000 2.4166666666666665 0.09258331499998462
150000 2.4444444444444446 0.09155651800000442
200000 2.4444444444444446 0.09219396499997856
250000 2.4444444444444446 0.09224967900001957
300000 2.4444444444444446 0.09188045700000202
350000 2.4444444444444446 0.09190372099999422
400000 2.4444444444444446 0.09247199700007513
450000 2.4444444444444446 0.0925598709999349
500000 2.4444444444444446 0.09146339500000522
550000 2.4444444444444446 0.09135315900016394
600000 2.4444444444444446 0.09297000900005514
650000 2.4444444444444446 0.0924563759999728
700000 2.4722222222222223 0.09236723000003622
750000 2.4722222222222223 0.09211084799994751
800000 2.4722222222222223 0.09229752900000676
850000 2.4722222222222223 0.09195612899998196
900000 2.4722222222222223 0.0918840930000897
950000 2.4722222222222223 0.09266260300000795
1000000 2.4722222222222223 0.09185492799997519
1050000 2.4722222222222223 0.0927303700000266
1100000 2.4722222222222223 0.09218742199982444
1150000 2.4722222222222223 0.09232355699987238
1200000 2.4722222222222223 0.09299209099981454
1250000 2.4722222222222223 0.09227887399993051
1300000 2.2222222222222223 0.09388816299997416
1350000 2.4722222222222223 0.09172433300000193
1400000 2.4722222222222223 0.09230862000003981
1450000 2.4722222222222223 0.09217865599975994
1500000 2.4722222222222223 0.09242896600017048
1550000 2.4722222222222223 0.09227382400013084
1600000 2.4722222222222223 0.09181579500000225
1650000 2.4722222222222223 0.09222050400012449
1700000 2.388888888888889 0.0919496970000182
1750000 2.4722222222222223 0.09289572100033183
1800000 2.4722222222222223 0.09225291499978994
1850000 2.4722222222222223 0.09237669699996331
1900000 2.5555555555555554 0.09250225200003115
1950000 2.5555555555555554 0.09176524100030292
2000000 2.5555555555555554 0.09257004100027189
2050000 2.5555555555555554 0.0928442049998921
2100000 2.5555555555555554 0.09204309200049465
2150000 2.5555555555555554 0.0928245169998263
2200000 2.5555555555555554 0.09237538399975165
2250000 2.5555555555555554 0.09260073699988425
2300000 2.5555555555555554 0.09226622000005591
2350000 2.5555555555555554 0.0923545550003837
2400000 2.5555555555555554 0.09214862899989384
2450000 2.5555555555555554 0.09203253200030304
2500000 2.5555555555555554 0.09220462499979476
2550000 2.5555555555555554 0.09180742999978975
2600000 2.5555555555555554 0.0924795910004832
2650000 2.5555555555555554 0.09226454599956924
2700000 2.5833333333333335 0.09228178800003661
2750000 2.611111111111111 0.0927450580002187
2800000 2.611111111111111 0.0929811409996546
2850000 2.611111111111111 0.09316188999946462
2900000 2.611111111111111 0.09276900199984084
2950000 2.611111111111111 0.09300439399976312
3000000 2.611111111111111 0.09296603199982201
