50000 0.16666666666666666 0.078125
100000 1.1111111111111112 0.890625
150000 1.0555555555555556 0.4375
200000 1.8611111111111112 0.609375
250000 1.8333333333333333 0.6875
300000 2.0277777777777777 0.453125
350000 2.2777777777777777 0.703125
400000 2.3333333333333335 0.46875
450000 2.3333333333333335 0.46875
500000 2.3333333333333335 0.765625
550000 2.3333333333333335 0.515625
600000 2.3333333333333335 0.390625
650000 2.3333333333333335 0.671875
700000 2.3333333333333335 0.640625
750000 2.3333333333333335 0.796875
800000 2.3333333333333335 0.421875
850000 2.3333333333333335 0.4375
900000 2.3333333333333335 0.671875
950000 2.3055555555555554 0.34375
1000000 2.3333333333333335 0.625
1050000 2.361111111111111 0.5625
1100000 2.361111111111111 0.59375
1150000 2.361111111111111 0.625
1200000 2.361111111111111 0.671875
1250000 2.388888888888889 0.515625
1300000 2.4166666666666665 0.453125
1350000 2.4166666666666665 0.640625
1400000 2.4444444444444446 0.828125
1450000 2.4722222222222223 0.875
1500000 2.4722222222222223 0.359375
1550000 2.4722222222222223 0.546875
1600000 2.4722222222222223 0.625
1650000 2.4722222222222223 0.40625
1700000 2.4722222222222223 0.765625
1750000 2.4722222222222223 0.5
1800000 2.4722222222222223 0.625
1850000 2.4722222222222223 0.390625
1900000 2.5 0.5
1950000 2.5 0.390625
2000000 2.5277777777777777 0.28125
2050000 2.5277777777777777 0.5625
2100000 2.5277777777777777 0.65625
2150000 2.5277777777777777 0.75
2200000 2.5277777777777777 0.78125
2250000 2.5277777777777777 0.671875
2300000 2.5277777777777777 0.8125
2350000 2.5277777777777777 0.546875
2400000 2.5277777777777777 0.71875
2450000 2.611111111111111 0.625
2500000 2.7222222222222223 0.765625
2550000 2.6944444444444446 0.625
2600000 2.7222222222222223 0.375
2650000 2.7222222222222223 0.71875
2700000 2.7222222222222223 0.5
2750000 2.7222222222222223 0.46875
2800000 2.7222222222222223 0.5
2850000 2.7222222222222223 0.640625
2900000 2.7222222222222223 0.875
2950000 2.7222222222222223 0.671875
3000000 2.7222222222222223 0.734375
