50000 2.3055555555555554 0.09247499099728884
100000 2.5 0.09233742400101619
150000 2.5277777777777777 0.0915834299994458
200000 2.5277777777777777 0.09256675299911876
250000 2.5277777777777777 0.09208983999997145
300000 2.5277777777777777 0.09215998100262368
350000 2.5555555555555554 0.09238433199789142
400000 2.5555555555555554 0.09157072500238428
450000 2.5555555555555554 0.09278559499944095
500000 2.5555555555555554 0.09153005000189296
550000 2.5555555555555554 0.09314045899736811
600000 2.5833333333333335 0.09269855199818267
650000 2.5833333333333335 0.09305943800063687
700000 2.5833333333333335 0.09386149999772897
750000 2.5833333333333335 0.09170541699859314
800000 2.5833333333333335 0.09190996100005577
850000 2.5833333333333335 0.09168949800005066
900000 2.5833333333333335 0.09239361800064216
950000 2.5833333333333335 0.09198146600101609
1000000 2.5833333333333335 0.09213411299788277
1050000 2.5833333333333335 0.09232705400063423
1100000 2.5833333333333335 0.0916459269974439
1150000 2.5833333333333335 0.09227773099701153
1200000 2.5833333333333335 0.09240141299960669
1250000 2.5833333333333335 0.09200604099896736
1300000 2.5833333333333335 0.09199462199831032
1350000 2.5833333333333335 0.09198260799894342
1400000 2.5833333333333335 0.09243114000128116
1450000 2.5833333333333335 0.09210376600094605
1500000 2.5833333333333335 0.0926993310022226
1550000 2.5833333333333335 0.09223211599964998
1600000 2.5833333333333335 0.09166519199789036
1650000 2.5833333333333335 0.09226081999804592
1700000 2.5833333333333335 0.09180880200074171
1750000 2.5833333333333335 0.09205935199861415
1800000 2.5833333333333335 0.09247194500130718
1850000 2.5833333333333335 0.0923438649988384
1900000 2.5833333333333335 0.09281856699817581
1950000 2.5833333333333335 0.09176317600213224
2000000 2.5833333333333335 0.09231562300192309
2050000 2.5833333333333335 0.09247271699859994
2100000 2.5833333333333335 0.09193676199720358
2150000 2.5833333333333335 0.09199643499960075
2200000 2.5833333333333335 0.09169439700053772
2250000 2.5833333333333335 0.0920662659991649
2300000 2.5833333333333335 0.09163895299934666
2350000 2.5833333333333335 0.09226970600138884
2400000 2.5833333333333335 0.09224929799893289
2450000 2.5833333333333335 0.09175296799730859
2500000 2.5833333333333335 0.09200920799776213
2550000 2.5 0.09134793699922739
2600000 2.5833333333333335 0.09191503199690487
2650000 2.5833333333333335 0.0921073930003331
2700000 2.5833333333333335 0.09232241499921656
2750000 2.5833333333333335 0.09282208199874731
2800000 2.5833333333333335 0.09176875800039852
2850000 2.5833333333333335 0.09248811699944781
2900000 2.5833333333333335 0.09198923199801357
2950000 2.5833333333333335 0.09192868700120016
3000000 2.5833333333333335 0.09189438199973665
