50000 0.25 0.059528133999265265
100000 0.9722222222222222 0.0772813679977844
150000 1.1388888888888888 0.07735212999978103
200000 1.8611111111111112 0.07753913099804777
250000 1.9444444444444444 0.07776060800097184
300000 2.1944444444444446 0.07785624699681648
350000 2.1944444444444446 0.07759615800023312
400000 2.1944444444444446 0.07769507400007569
450000 2.25 0.0777372229968023
500000 2.25 0.0774849000008544
550000 2.2222222222222223 0.07753525500083924
600000 2.25 0.07744428399746539
650000 2.2777777777777777 0.07751099999950384
700000 2.2777777777777777 0.0779337609965296
750000 2.3055555555555554 0.07772335800109431
800000 2.3055555555555554 0.0777675619974616
850000 2.3055555555555554 0.07765108099920326
900000 2.3055555555555554 0.07793966299868771
950000 2.388888888888889 0.07766365399947972
1000000 2.361111111111111 0.07784454500142601
1050000 2.4166666666666665 0.07747475100040901
1100000 2.4166666666666665 0.07739110399779747
1150000 2.4166666666666665 0.07735642899933737
1200000 2.4444444444444446 0.07736467500217259
1250000 2.4444444444444446 0.07768424399910145
1300000 2.4444444444444446 0.07764908799799741
1350000 2.5555555555555554 0.07754491200103075
1400000 2.611111111111111 0.07789293400128372
1450000 2.638888888888889 0.07746813899939298
1500000 2.638888888888889 0.07742210200012778
1550000 2.638888888888889 0.07764706300076796
1600000 2.638888888888889 0.0777767079998739
1650000 2.638888888888889 0.0777701459992386
1700000 2.638888888888889 0.07737384199936059
1750000 2.638888888888889 0.07751440499851014
1800000 2.638888888888889 0.0777260020004178
1850000 2.638888888888889 0.0776880519988481
1900000 2.638888888888889 0.07746520300133852
1950000 2.638888888888889 0.07764449800015427
2000000 2.638888888888889 0.07777934200203163
2050000 2.638888888888889 0.07772052400105167
2100000 2.638888888888889 0.07736220999868237
2150000 2.6666666666666665 0.07801366199782933
2200000 2.6666666666666665 0.07774500799860107
2250000 2.6666666666666665 0.07780188600008842
2300000 2.6666666666666665 0.0780978500006313
2350000 2.6666666666666665 0.07750492700142786
2400000 2.6666666666666665 0.07772120200024801
2450000 2.6666666666666665 0.07759942399934516
2500000 2.6666666666666665 0.07767409499865607
2550000 2.6666666666666665 0.07774187099857954
2600000 2.6666666666666665 0.07746004400178208
2650000 2.6666666666666665 0.0777634020014375
2700000 2.6666666666666665 0.0775651010008005
2750000 2.6666666666666665 0.0776157449981838
2800000 2.6666666666666665 0.07745906200216268
2850000 2.6666666666666665 0.0777779099989857
2900000 2.6666666666666665 0.07767346499895211
2950000 2.6666666666666665 0.07751363400166156
3000000 2.6666666666666665 0.07738699599940446
