50000 2.361111111111111 0.09252006600036111
100000 2.5 0.09217538899974898
150000 2.4166666666666665 0.09191870799986646
200000 2.4166666666666665 0.09255444900009024
250000 2.5 0.09179188099915336
300000 2.5 0.09257505899950047
350000 2.5 0.09277539499998966
400000 2.4444444444444446 0.09190096499878564
450000 2.5 0.09184540000023844
500000 2.5 0.09202051900138031
550000 2.5 0.09212837199993373
600000 2.5555555555555554 0.09199955099938961
650000 2.5555555555555554 0.0918591669997113
700000 2.5555555555555554 0.09197204800148029
750000 2.5555555555555554 0.09197729799961962
800000 2.5555555555555554 0.09181825899941032
850000 2.5833333333333335 0.091961911000908
900000 2.5833333333333335 0.09229383100137056
950000 2.5833333333333335 0.09180067800116376
1000000 2.5833333333333335 0.09181476300000213
1050000 2.5833333333333335 0.09192470900052285
1100000 2.5833333333333335 0.09197142700031691
1150000 2.5833333333333335 0.09206953200009593
1200000 2.5277777777777777 0.09238189700045041
1250000 2.5833333333333335 0.0921412749994488
1300000 2.5833333333333335 0.09270490199924097
1350000 2.5833333333333335 0.0919304609997198
1400000 2.5833333333333335 0.09149135699954059
1450000 2.5833333333333335 0.09196426299968152
1500000 2.5833333333333335 0.09236762000000454
1550000 2.5833333333333335 0.09233267499985232
1600000 2.5833333333333335 0.09178075999989233
1650000 2.5833333333333335 0.09248051199938345
1700000 2.5833333333333335 0.09211029799917014
1750000 2.5833333333333335 0.09239649400115013
1800000 2.5833333333333335 0.09258662100000947
1850000 2.5833333333333335 0.09252605700021377
1900000 2.5833333333333335 0.09272477900049125
1950000 2.5833333333333335 0.0918100039998535
2000000 2.5833333333333335 0.09259054799986188
2050000 2.5833333333333335 0.09325954300038575
2100000 2.5833333333333335 0.09295607300009578
2150000 2.5833333333333335 0.0931938789999549
2200000 2.5833333333333335 0.09172821200081671
2250000 2.5833333333333335 0.09259566699984134
2300000 2.5833333333333335 0.09257300500030397
2350000 2.5833333333333335 0.09229744800177286
2400000 2.5833333333333335 0.09291305300212116
2450000 2.5833333333333335 0.09217116100262501
2500000 2.5833333333333335 0.0919519710005261
2550000 2.5833333333333335 0.09167801700095879
2600000 2.5833333333333335 0.09227036800075439
2650000 2.5833333333333335 0.09260369200273999
2700000 2.5833333333333335 0.09151823799766134
2750000 2.5555555555555554 0.09203500700095901
2800000 2.5833333333333335 0.09174242799781496
2850000 2.5833333333333335 0.09226838399990811
2900000 2.5833333333333335 0.09203338400038774
2950000 2.5833333333333335 0.0925405240013788
3000000 2.5833333333333335 0.09280909799781512
