50000 2.3333333333333335 0.125
100000 2.4722222222222223 0.109375
150000 2.4722222222222223 0.125
200000 2.4722222222222223 0.125
250000 2.4722222222222223 0.125
300000 2.4722222222222223 0.125
350000 2.4722222222222223 0.125
400000 2.4722222222222223 0.125
450000 2.4722222222222223 0.125
500000 2.4722222222222223 0.140625
550000 2.4722222222222223 0.125
600000 2.4722222222222223 0.125
650000 2.5833333333333335 0.125
700000 2.5833333333333335 0.125
750000 2.5833333333333335 0.125
800000 2.5833333333333335 0.125
850000 2.638888888888889 0.21875
900000 2.5833333333333335 0.125
950000 2.638888888888889 0.125
1000000 2.638888888888889 0.125
1050000 2.6666666666666665 0.109375
1100000 2.6666666666666665 0.125
1150000 2.6666666666666665 0.125
1200000 2.6666666666666665 0.109375
1250000 2.6666666666666665 0.109375
1300000 2.6666666666666665 0.09375
1350000 2.6666666666666665 0.109375
1400000 2.6666666666666665 0.09375
1450000 2.5833333333333335 0.5
1500000 2.6666666666666665 0.109375
1550000 2.6666666666666665 0.109375
1600000 2.6666666666666665 0.109375
1650000 2.5833333333333335 0.109375
1700000 2.6666666666666665 0.078125
1750000 2.638888888888889 0.109375
1800000 2.6666666666666665 0.078125
1850000 2.6666666666666665 0.109375
1900000 2.6666666666666665 0.078125
1950000 2.6666666666666665 0.109375
2000000 2.638888888888889 0.109375
2050000 2.6666666666666665 0.078125
2100000 2.6666666666666665 0.09375
2150000 2.6666666666666665 0.078125
2200000 2.6666666666666665 0.109375
2250000 2.6666666666666665 0.125
2300000 2.6666666666666665 0.40625
2350000 2.6666666666666665 0.125
2400000 2.6666666666666665 0.0625
2450000 2.6666666666666665 0.046875
2500000 2.6666666666666665 0.0625
2550000 2.6666666666666665 0.046875
2600000 2.6666666666666665 0.046875
2650000 2.6666666666666665 0.0625
2700000 2.6666666666666665 0.0625
2750000 2.6666666666666665 0.0625
2800000 2.6666666666666665 0.0625
2850000 2.6666666666666665 0.046875
2900000 2.6666666666666665 0.5
2950000 2.6666666666666665 0.0625
3000000 2.6666666666666665 0.0625
