50000 0.1388888888888889 0.046875
100000 1.0 0.515625
150000 1.1388888888888888 0.65625
200000 1.8055555555555556 0.734375
250000 1.8611111111111112 0.6875
300000 2.0 0.46875
350000 2.111111111111111 0.875
400000 2.111111111111111 0.875
450000 2.111111111111111 0.765625
500000 2.138888888888889 0.59375
550000 2.3055555555555554 0.5
600000 2.3333333333333335 0.515625
650000 2.3055555555555554 0.75
700000 2.3333333333333335 0.875
750000 2.3333333333333335 0.75
800000 2.3333333333333335 0.875
850000 2.3333333333333335 0.375
900000 2.388888888888889 0.46875
950000 2.388888888888889 0.453125
1000000 2.388888888888889 0.515625
1050000 2.388888888888889 0.5
1100000 2.388888888888889 0.609375
1150000 2.361111111111111 0.71875
1200000 2.4166666666666665 0.875
1250000 2.4166666666666665 0.65625
1300000 2.4166666666666665 0.765625
1350000 2.4166666666666665 0.6875
1400000 2.4166666666666665 0.453125
1450000 2.4166666666666665 0.84375
1500000 2.4444444444444446 0.546875
1550000 2.4444444444444446 0.296875
1600000 2.4722222222222223 0.53125
1650000 2.4722222222222223 0.875
1700000 2.4722222222222223 0.609375
1750000 2.4722222222222223 0.40625
1800000 2.4722222222222223 0.609375
1850000 2.638888888888889 0.546875
1900000 2.5555555555555554 0.59375
1950000 2.638888888888889 0.65625
2000000 2.6666666666666665 0.6875
2050000 2.6666666666666665 0.78125
2100000 2.6666666666666665 0.375
2150000 2.6666666666666665 0.875
2200000 2.6666666666666665 0.46875
2250000 2.6666666666666665 0.53125
2300000 2.6666666666666665 0.703125
2350000 2.6666666666666665 0.6875
2400000 2.6666666666666665 0.59375
2450000 2.7222222222222223 0.53125
2500000 2.7222222222222223 0.53125
2550000 2.7222222222222223 0.53125
2600000 2.7222222222222223 0.453125
2650000 2.7222222222222223 0.640625
2700000 2.7222222222222223 0.671875
2750000 2.7222222222222223 0.625
2800000 2.7222222222222223 0.625
2850000 2.7222222222222223 0.71875
2900000 2.7222222222222223 0.6875
2950000 2.7222222222222223 0.453125
3000000 2.7222222222222223 0.6875
