50000 0.2222222222222222 0.078125
100000 1.1111111111111112 0.71875
150000 0.9444444444444444 0.484375
200000 1.3333333333333333 0.5
250000 1.75 0.6875
300000 2.0555555555555554 0.484375
350000 2.2222222222222223 0.328125
400000 2.2777777777777777 0.40625
450000 2.361111111111111 0.671875
500000 2.4166666666666665 0.546875
550000 2.4166666666666665 0.703125
600000 2.4722222222222223 0.75
650000 2.5 0.578125
700000 2.5 0.875
750000 2.5 0.765625
800000 2.5 0.46875
850000 2.5 0.4375
900000 2.5 0.640625
950000 2.5 0.34375
1000000 2.5 0.546875
1050000 2.5 0.71875
1100000 2.5 0.875
1150000 2.5277777777777777 0.375
1200000 2.5555555555555554 0.46875
1250000 2.5555555555555554 0.671875
1300000 2.5555555555555554 0.390625
1350000 2.5833333333333335 0.8125
1400000 2.5833333333333335 0.359375
1450000 2.5833333333333335 0.625
1500000 2.5833333333333335 0.375
1550000 2.5833333333333335 0.453125
1600000 2.5833333333333335 0.609375
1650000 2.5833333333333335 0.53125
1700000 2.5833333333333335 0.390625
1750000 2.5833333333333335 0.53125
1800000 2.5833333333333335 0.59375
1850000 2.5833333333333335 0.578125
1900000 2.5833333333333335 0.546875
1950000 2.5833333333333335 0.578125
2000000 2.5833333333333335 0.375
2050000 2.5833333333333335 0.640625
2100000 2.5833333333333335 0.515625
2150000 2.5833333333333335 0.609375
2200000 2.5833333333333335 0.46875
2250000 2.611111111111111 0.375
2300000 2.5833333333333335 0.703125
2350000 2.5833333333333335 0.609375
2400000 2.611111111111111 0.75
2450000 2.611111111111111 0.671875
2500000 2.611111111111111 0.625
2550000 2.611111111111111 0.625
2600000 2.611111111111111 0.484375
2650000 2.6944444444444446 0.75
2700000 2.6944444444444446 0.421875
2750000 2.6944444444444446 0.875
2800000 2.6944444444444446 0.640625
2850000 2.6944444444444446 0.34375
2900000 2.6944444444444446 0.625
2950000 2.6944444444444446 0.703125
3000000 2.6666666666666665 0.59375
