50000 0.1111111111111111 0.03125
100000 1.2777777777777777 0.359375
150000 1.1666666666666667 0.625
200000 1.7222222222222223 0.53125
250000 2.0555555555555554 0.796875
300000 2.1944444444444446 0.5
350000 2.3055555555555554 0.40625
400000 2.361111111111111 0.859375
450000 2.3333333333333335 0.765625
500000 2.388888888888889 0.84375
550000 2.4166666666666665 0.765625
600000 2.4166666666666665 0.59375
650000 2.388888888888889 0.484375
700000 2.4444444444444446 0.625
750000 2.4166666666666665 0.375
800000 2.4444444444444446 0.65625
850000 2.4444444444444446 0.5
900000 2.4444444444444446 0.625
950000 2.4444444444444446 0.765625
1000000 2.4444444444444446 0.609375
1050000 2.4444444444444446 0.390625
1100000 2.4444444444444446 0.703125
1150000 2.4444444444444446 0.640625
1200000 2.4444444444444446 0.4375
1250000 2.4444444444444446 0.4375
1300000 2.4444444444444446 0.71875
1350000 2.4166666666666665 0.4375
1400000 2.4444444444444446 0.5
1450000 2.5 0.40625
1500000 2.5 0.53125
1550000 2.5 0.671875
1600000 2.5 0.421875
1650000 2.5 0.640625
1700000 2.5 0.65625
1750000 2.4722222222222223 0.59375
1800000 2.4722222222222223 0.59375
1850000 2.5 0.5625
1900000 2.5 0.453125
1950000 2.5 0.453125
2000000 2.5 0.421875
2050000 2.5277777777777777 0.78125
2100000 2.5833333333333335 0.671875
2150000 2.5833333333333335 0.484375
2200000 2.5833333333333335 0.640625
2250000 2.5833333333333335 0.875
2300000 2.6666666666666665 0.765625
2350000 2.6666666666666665 0.46875
2400000 2.6666666666666665 0.5
2450000 2.6944444444444446 0.5
2500000 2.6944444444444446 0.359375
2550000 2.6944444444444446 0.46875
2600000 2.6944444444444446 0.5
2650000 2.7222222222222223 0.640625
2700000 2.7222222222222223 0.5
2750000 2.7222222222222223 0.390625
2800000 2.7222222222222223 0.625
2850000 2.7222222222222223 0.875
2900000 2.7222222222222223 0.875
2950000 2.7222222222222223 0.6875
3000000 2.7222222222222223 0.515625
