50000 0.1111111111111111 0.078125
100000 1.1666666666666667 0.671875
150000 1.0555555555555556 0.65625
200000 1.6111111111111112 0.625
250000 1.9166666666666667 0.625
300000 2.0555555555555554 0.875
350000 2.111111111111111 0.875
400000 2.1944444444444446 0.625
450000 2.1944444444444446 0.421875
500000 2.2222222222222223 0.5625
550000 2.3333333333333335 0.625
600000 2.3333333333333335 0.375
650000 2.3333333333333335 0.484375
700000 2.3333333333333335 0.40625
750000 2.3333333333333335 0.765625
800000 2.3333333333333335 0.609375
850000 2.361111111111111 0.71875
900000 2.361111111111111 0.375
950000 2.361111111111111 0.703125
1000000 2.388888888888889 0.875
1050000 2.4722222222222223 0.609375
1100000 2.4722222222222223 0.6875
1150000 2.4722222222222223 0.75
1200000 2.4722222222222223 0.390625
1250000 2.4722222222222223 0.875
1300000 2.4722222222222223 0.625
1350000 2.4722222222222223 0.625
1400000 2.611111111111111 0.71875
1450000 2.611111111111111 0.671875
1500000 2.611111111111111 0.71875
1550000 2.611111111111111 0.625
1600000 2.611111111111111 0.625
1650000 2.5555555555555554 0.546875
1700000 2.611111111111111 0.5
1750000 2.5555555555555554 0.59375
1800000 2.638888888888889 0.84375
1850000 2.638888888888889 0.390625
1900000 2.638888888888889 0.796875
1950000 2.638888888888889 0.75
2000000 2.638888888888889 0.34375
2050000 2.638888888888889 0.59375
2100000 2.638888888888889 0.5
2150000 2.638888888888889 0.75
2200000 2.638888888888889 0.375
2250000 2.638888888888889 0.625
2300000 2.638888888888889 0.390625
2350000 2.638888888888889 0.53125
2400000 2.638888888888889 0.546875
2450000 2.638888888888889 0.578125
2500000 2.638888888888889 0.875
2550000 2.638888888888889 0.4375
2600000 2.638888888888889 0.53125
2650000 2.638888888888889 0.390625
2700000 2.638888888888889 0.515625
2750000 2.638888888888889 0.765625
2800000 2.638888888888889 0.484375
2850000 2.638888888888889 0.421875
2900000 2.638888888888889 0.5
2950000 2.638888888888889 0.46875
3000000 2.6666666666666665 0.703125
