50000 2.2222222222222223 0.125
100000 2.4166666666666665 0.109375
150000 2.4166666666666665 0.125
200000 2.388888888888889 0.125
250000 2.4166666666666665 0.140625
300000 2.4444444444444446 0.125
350000 2.5277777777777777 0.125
400000 2.5555555555555554 0.125
450000 2.5555555555555554 0.109375
500000 2.5555555555555554 0.125
550000 2.5555555555555554 0.125
600000 2.5555555555555554 0.125
650000 2.5555555555555554 0.125
700000 2.5555555555555554 0.125
750000 2.5555555555555554 0.109375
800000 2.5555555555555554 0.125
850000 2.5555555555555554 0.25
900000 2.5555555555555554 0.125
950000 2.5555555555555554 0.125
1000000 2.5555555555555554 0.125
1050000 2.5555555555555554 0.125
1100000 2.5555555555555554 0.125
1150000 2.5555555555555554 0.109375
1200000 2.5555555555555554 0.125
1250000 2.5555555555555554 0.125
1300000 2.5555555555555554 0.109375
1350000 2.5833333333333335 0.125
1400000 2.5833333333333335 0.125
1450000 2.5833333333333335 0.359375
1500000 2.611111111111111 0.109375
1550000 2.611111111111111 0.09375
1600000 2.5833333333333335 0.125
1650000 2.5 0.125
1700000 2.611111111111111 0.109375
1750000 2.611111111111111 0.125
1800000 2.611111111111111 0.125
1850000 2.611111111111111 0.125
1900000 2.5833333333333335 0.125
1950000 2.611111111111111 0.125
2000000 2.611111111111111 0.109375
2050000 2.611111111111111 0.125
2100000 2.611111111111111 0.125
2150000 2.611111111111111 0.125
2200000 2.611111111111111 0.109375
2250000 2.611111111111111 0.125
2300000 2.611111111111111 0.1875
2350000 2.611111111111111 0.125
2400000 2.611111111111111 0.125
2450000 2.611111111111111 0.125
2500000 2.611111111111111 0.125
2550000 2.611111111111111 0.125
2600000 2.611111111111111 0.125
2650000 2.611111111111111 0.125
2700000 2.611111111111111 0.109375
2750000 2.5277777777777777 0.125
2800000 2.611111111111111 0.109375
2850000 2.611111111111111 0.125
2900000 2.611111111111111 0.40625
2950000 2.611111111111111 0.125
3000000 2.611111111111111 0.125
