50000 7.555555555555555 0.140625
100000 8.61111111111111 0.140625
150000 8.694444444444445 0.15625
200000 8.722222222222221 0.140625
250000 8.805555555555555 0.359375
300000 8.86111111111111 0.140625
350000 8.694444444444445 0.109375
400000 8.222222222222221 0.1875
450000 8.777777777777779 0.140625
500000 8.527777777777779 0.140625
550000 8.777777777777779 0.15625
600000 8.583333333333334 0.203125
650000 8.777777777777779 0.140625
700000 8.722222222222221 0.109375
750000 8.777777777777779 0.203125
800000 8.666666666666666 0.109375
850000 8.777777777777779 0.953125
900000 8.666666666666666 0.140625
950000 8.722222222222221 0.1875
1000000 8.86111111111111 0.125
1050000 8.972222222222221 0.125
1100000 9.083333333333334 0.15625
1150000 6.0 0.109375
1200000 9.11111111111111 0.140625
1250000 9.027777777777779 0.109375
1300000 9.222222222222221 0.140625
1350000 9.333333333333334 0.15625
1400000 9.38888888888889 0.140625
1450000 9.13888888888889 1.140625
1500000 9.083333333333334 0.1875
1550000 9.222222222222221 0.140625
1600000 9.222222222222221 0.203125
1650000 6.638888888888889 0.09375
1700000 8.86111111111111 0.140625
1750000 9.333333333333334 0.09375
1800000 9.194444444444445 0.109375
1850000 9.166666666666666 0.09375
1900000 9.25 0.09375
1950000 9.0 0.09375
2000000 9.277777777777779 0.09375
2050000 9.277777777777779 0.09375
2100000 9.277777777777779 0.09375
2150000 8.916666666666666 0.09375
2200000 9.25 0.09375
2250000 9.166666666666666 0.09375
2300000 9.194444444444445 0.890625
2350000 9.25 0.09375
2400000 9.25 0.09375
2450000 9.13888888888889 0.09375
2500000 9.194444444444445 0.109375
2550000 9.25 0.09375
2600000 9.222222222222221 0.09375
2650000 9.222222222222221 0.09375
2700000 9.25 0.09375
2750000 9.222222222222221 0.09375
2800000 8.944444444444445 0.09375
2850000 9.305555555555555 0.09375
2900000 9.222222222222221 1.03125
2950000 9.277777777777779 0.109375
3000000 9.277777777777779 0.09375
