50000 0.1111111111111111 0.0625
100000 2.3055555555555554 0.625
150000 3.111111111111111 0.75
200000 1.3055555555555556 0.875
250000 1.1388888888888888 0.875
300000 1.5277777777777777 0.75
350000 2.9722222222222223 1.09375
400000 4.666666666666667 1.0
450000 4.972222222222222 1.25
500000 4.583333333333333 0.75
550000 5.111111111111111 1.375
600000 5.277777777777778 1.0
650000 5.194444444444445 1.28125
700000 5.388888888888889 1.09375
750000 5.694444444444445 1.421875
800000 5.305555555555555 1.25
850000 5.472222222222222 1.03125
900000 5.444444444444445 1.0
950000 5.722222222222222 1.375
1000000 5.666666666666667 1.34375
1050000 5.888888888888889 1.0
1100000 6.0 1.03125
1150000 6.027777777777778 1.0
1200000 5.972222222222222 0.75
1250000 6.083333333333333 1.125
1300000 6.277777777777778 1.0
1350000 6.277777777777778 1.0
1400000 6.361111111111111 1.375
1450000 6.027777777777778 1.0
1500000 6.416666666666667 1.0
1550000 6.333333333333333 1.453125
1600000 6.277777777777778 1.375
1650000 6.444444444444445 1.078125
1700000 6.75 1.375
1750000 6.722222222222222 1.25
1800000 6.833333333333333 0.96875
1850000 6.638888888888889 1.375
1900000 6.75 1.0
1950000 6.388888888888889 1.0
2000000 6.444444444444445 0.6875
2050000 6.472222222222222 0.75
2100000 6.638888888888889 0.984375
2150000 6.194444444444445 1.0
2200000 6.194444444444445 1.0
2250000 6.194444444444445 1.0
2300000 6.333333333333333 1.0
2350000 6.277777777777778 1.0
2400000 6.694444444444445 1.125
2450000 6.277777777777778 0.75
2500000 6.166666666666667 1.0
2550000 6.805555555555555 1.0625
2600000 6.527777777777778 1.0
2650000 6.777777777777778 1.0
2700000 6.555555555555555 1.375
2750000 6.944444444444445 1.0
2800000 6.611111111111111 1.0
2850000 6.555555555555555 1.015625
2900000 6.277777777777778 0.984375
2950000 6.5 1.375
3000000 6.638888888888889 1.125
