50000 7.944444444444445 0.140625
100000 8.61111111111111 0.1875
150000 8.444444444444445 0.15625
200000 8.63888888888889 0.140625
250000 8.86111111111111 0.25
300000 8.61111111111111 0.15625
350000 8.25 0.1875
400000 8.777777777777779 0.15625
450000 8.944444444444445 0.125
500000 8.944444444444445 0.203125
550000 8.916666666666666 0.15625
600000 8.86111111111111 0.203125
650000 8.88888888888889 0.1875
700000 8.972222222222221 0.140625
750000 8.972222222222221 0.140625
800000 8.75 0.125
850000 8.944444444444445 0.90625
900000 8.972222222222221 0.140625
950000 8.722222222222221 0.125
1000000 8.916666666666666 0.109375
1050000 8.972222222222221 0.15625
1100000 8.305555555555555 0.109375
1150000 8.75 0.140625
1200000 8.972222222222221 0.15625
1250000 8.972222222222221 0.109375
1300000 8.25 0.1875
1350000 8.527777777777779 0.140625
1400000 8.916666666666666 0.140625
1450000 8.972222222222221 1.125
1500000 8.972222222222221 0.109375
1550000 8.75 0.140625
1600000 8.972222222222221 0.140625
1650000 8.75 0.140625
1700000 8.833333333333334 0.203125
1750000 9.0 0.1875
1800000 9.0 0.140625
1850000 9.0 0.109375
1900000 9.0 0.109375
1950000 9.055555555555555 0.140625
2000000 9.0 0.109375
2050000 9.0 0.171875
2100000 9.166666666666666 0.140625
2150000 9.333333333333334 0.109375
2200000 9.36111111111111 0.15625
2250000 9.055555555555555 0.140625
2300000 9.277777777777779 0.71875
2350000 9.305555555555555 0.171875
2400000 9.333333333333334 0.140625
2450000 9.333333333333334 0.109375
2500000 9.333333333333334 0.109375
2550000 9.36111111111111 0.203125
2600000 9.13888888888889 0.140625
2650000 9.277777777777779 0.109375
2700000 9.194444444444445 0.15625
2750000 9.36111111111111 0.15625
2800000 9.333333333333334 0.140625
2850000 9.083333333333334 0.09375
2900000 9.333333333333334 1.25
2950000 9.333333333333334 0.203125
3000000 9.305555555555555 0.140625
