50000 7.972222222222222 0.140625
100000 8.75 0.140625
150000 8.88888888888889 0.109375
200000 8.527777777777779 0.109375
250000 8.88888888888889 0.390625
300000 8.083333333333334 0.109375
350000 9.13888888888889 0.140625
400000 8.666666666666666 0.1875
450000 9.027777777777779 0.140625
500000 8.527777777777779 0.15625
550000 8.472222222222221 0.203125
600000 8.777777777777779 0.1875
650000 9.194444444444445 0.109375
700000 9.194444444444445 0.140625
750000 9.194444444444445 0.1875
800000 9.11111111111111 0.15625
850000 9.194444444444445 0.921875
900000 8.444444444444445 0.109375
950000 8.36111111111111 0.125
1000000 9.194444444444445 0.203125
1050000 9.277777777777779 0.140625
1100000 9.305555555555555 0.1875
1150000 9.194444444444445 0.1875
1200000 9.11111111111111 0.140625
1250000 8.944444444444445 0.109375
1300000 8.88888888888889 0.203125
1350000 9.277777777777779 0.1875
1400000 8.972222222222221 0.109375
1450000 9.277777777777779 1.375
1500000 9.36111111111111 0.1875
1550000 9.277777777777779 0.140625
1600000 9.277777777777779 0.109375
1650000 9.277777777777779 0.140625
1700000 9.277777777777779 0.25
1750000 9.25 0.140625
1800000 9.305555555555555 0.109375
1850000 9.11111111111111 0.125
1900000 9.055555555555555 0.109375
1950000 9.277777777777779 0.109375
2000000 9.194444444444445 0.15625
2050000 9.25 0.140625
2100000 8.5 0.140625
2150000 9.222222222222221 0.203125
2200000 9.277777777777779 0.140625
2250000 9.277777777777779 0.15625
2300000 9.055555555555555 0.828125
2350000 9.305555555555555 0.1875
2400000 9.277777777777779 0.140625
2450000 9.25 0.15625
2500000 9.277777777777779 0.1875
2550000 9.277777777777779 0.140625
2600000 8.63888888888889 0.109375
2650000 9.277777777777779 0.140625
2700000 9.222222222222221 0.203125
2750000 9.36111111111111 0.140625
2800000 9.222222222222221 0.1875
2850000 9.222222222222221 0.140625
2900000 9.277777777777779 1.25
2950000 9.277777777777779 0.109375
3000000 9.277777777777779 0.140625
