50000 0.3333333333333333 0.0625
100000 4.055555555555555 0.984375
150000 1.75 1.25
200000 0.9444444444444444 1.25
250000 1.1111111111111112 0.875
300000 1.1666666666666667 1.0
350000 2.861111111111111 0.75
400000 3.7222222222222223 1.375
450000 4.027777777777778 1.375
500000 4.305555555555555 1.0
550000 4.5 1.375
600000 4.722222222222222 1.375
650000 4.777777777777778 1.046875
700000 5.0 0.984375
750000 4.777777777777778 1.375
800000 5.027777777777778 1.0
850000 4.75 0.75
900000 4.944444444444445 1.0
950000 4.944444444444445 1.375
1000000 5.055555555555555 1.375
1050000 5.388888888888889 1.015625
1100000 5.305555555555555 1.5
1150000 5.583333333333333 1.0
1200000 5.694444444444445 1.0
1250000 5.388888888888889 1.125
1300000 5.388888888888889 1.0
1350000 5.777777777777778 1.0
1400000 5.833333333333333 1.203125
1450000 6.194444444444445 1.0625
1500000 6.055555555555555 1.0
1550000 6.222222222222222 1.34375
1600000 6.222222222222222 1.0
1650000 6.305555555555555 1.0
1700000 6.222222222222222 1.375
1750000 6.0 1.0
1800000 5.944444444444445 1.390625
1850000 6.416666666666667 1.0
1900000 6.305555555555555 1.0
1950000 5.888888888888889 1.375
2000000 6.194444444444445 1.375
2050000 5.805555555555555 1.0
2100000 6.694444444444445 1.03125
2150000 6.416666666666667 0.75
2200000 6.444444444444445 1.296875
2250000 6.638888888888889 1.0
2300000 6.444444444444445 1.34375
2350000 6.583333333333333 1.0
2400000 6.638888888888889 1.0
2450000 6.166666666666667 1.125
2500000 6.583333333333333 0.984375
2550000 6.694444444444445 1.078125
2600000 6.944444444444445 1.375
2650000 6.805555555555555 1.0
2700000 6.861111111111111 1.03125
2750000 6.583333333333333 1.0
2800000 6.25 1.0
2850000 6.777777777777778 1.0
2900000 6.472222222222222 0.71875
2950000 6.138888888888889 1.375
3000000 6.111111111111111 1.25
