50000 0.1388888888888889 0.078125
100000 1.4722222222222223 1.0
150000 2.2222222222222223 0.875
200000 1.3055555555555556 1.25
250000 0.7777777777777778 0.984375
300000 0.8611111111111112 0.875
350000 1.6666666666666667 1.125
400000 4.583333333333333 0.75
450000 5.805555555555555 0.75
500000 5.305555555555555 1.0
550000 5.583333333333333 1.375
600000 5.277777777777778 1.125
650000 5.027777777777778 0.75
700000 5.527777777777778 1.0
750000 6.0 1.1875
800000 5.694444444444445 0.96875
850000 6.055555555555555 1.125
900000 5.888888888888889 1.359375
950000 6.111111111111111 1.375
1000000 5.75 0.75
1050000 5.805555555555555 0.734375
1100000 5.805555555555555 1.359375
1150000 5.944444444444445 1.375
1200000 5.972222222222222 0.75
1250000 6.138888888888889 0.75
1300000 6.166666666666667 1.375
1350000 6.222222222222222 1.0
1400000 6.194444444444445 1.0
1450000 6.305555555555555 1.0
1500000 6.416666666666667 1.0
1550000 6.444444444444445 1.125
1600000 6.611111111111111 1.0
1650000 6.25 1.234375
1700000 6.611111111111111 0.90625
1750000 6.333333333333333 1.0625
1800000 6.25 0.875
1850000 6.416666666666667 1.0
1900000 6.194444444444445 1.0
1950000 6.472222222222222 1.0
2000000 6.277777777777778 1.125
2050000 6.777777777777778 0.75
2100000 6.416666666666667 1.0
2150000 6.638888888888889 1.0
2200000 6.472222222222222 1.078125
2250000 6.027777777777778 1.0
2300000 6.277777777777778 0.984375
2350000 6.5 1.0
2400000 6.416666666666667 0.703125
2450000 6.416666666666667 0.75
2500000 6.333333333333333 1.0
2550000 6.0 1.125
2600000 6.388888888888889 1.0
2650000 5.916666666666667 0.671875
2700000 6.305555555555555 1.0
2750000 6.916666666666667 1.0
2800000 6.583333333333333 1.375
2850000 6.222222222222222 1.25
2900000 6.472222222222222 0.9375
2950000 6.472222222222222 1.0
3000000 6.472222222222222 1.0
