50000 0.25 0.046875
100000 2.611111111111111 1.0
150000 2.861111111111111 0.953125
200000 1.0277777777777777 1.0
250000 0.6944444444444444 0.875
300000 1.4722222222222223 1.0
350000 3.0833333333333335 1.375
400000 3.861111111111111 1.0
450000 4.555555555555555 1.0
500000 4.472222222222222 1.0
550000 5.027777777777778 1.28125
600000 4.722222222222222 1.375
650000 5.222222222222222 1.359375
700000 5.916666666666667 1.375
750000 5.972222222222222 0.75
800000 5.888888888888889 1.0
850000 5.805555555555555 1.046875
900000 5.472222222222222 1.375
950000 5.777777777777778 1.0
1000000 5.916666666666667 1.0
1050000 5.638888888888889 1.375
1100000 6.166666666666667 1.0
1150000 6.388888888888889 1.046875
1200000 6.611111111111111 1.0
1250000 6.25 1.125
1300000 5.888888888888889 0.734375
1350000 6.722222222222222 1.109375
1400000 6.611111111111111 1.046875
1450000 6.222222222222222 1.078125
1500000 6.555555555555555 1.25
1550000 6.472222222222222 1.125
1600000 5.861111111111111 1.0
1650000 6.305555555555555 1.125
1700000 6.694444444444445 1.0
1750000 6.388888888888889 0.75
1800000 6.583333333333333 1.375
1850000 6.194444444444445 1.125
1900000 6.444444444444445 1.5
1950000 6.361111111111111 1.015625
2000000 6.222222222222222 1.0
2050000 6.472222222222222 1.0
2100000 6.583333333333333 1.1875
2150000 6.694444444444445 0.9375
2200000 6.277777777777778 1.375
2250000 6.277777777777778 0.875
2300000 6.527777777777778 1.375
2350000 6.583333333333333 1.125
2400000 6.861111111111111 1.375
2450000 6.972222222222222 1.09375
2500000 6.944444444444445 1.0
2550000 6.972222222222222 0.984375
2600000 6.916666666666667 1.0
2650000 6.916666666666667 0.875
2700000 6.916666666666667 0.75
2750000 7.027777777777778 0.75
2800000 6.694444444444445 0.875
2850000 7.027777777777778 1.109375
2900000 7.083333333333333 1.0
2950000 6.722222222222222 1.125
3000000 7.055555555555555 1.0
