50000 0.1111111111111111 0.046875
100000 2.361111111111111 1.25
150000 2.2222222222222223 1.125
200000 1.0277777777777777 1.0
250000 0.9444444444444444 0.875
300000 1.2777777777777777 0.984375
350000 2.9444444444444446 1.375
400000 3.5555555555555554 1.375
450000 4.083333333333333 1.25
500000 4.277777777777778 1.0
550000 4.638888888888889 1.0
600000 4.722222222222222 1.0
650000 4.805555555555555 1.25
700000 5.333333333333333 0.9375
750000 5.444444444444445 1.375
800000 5.555555555555555 1.0
850000 5.805555555555555 1.078125
900000 5.666666666666667 0.75
950000 5.777777777777778 1.0
1000000 5.805555555555555 1.25
1050000 5.694444444444445 1.375
1100000 5.666666666666667 1.375
1150000 5.805555555555555 1.046875
1200000 6.027777777777778 1.125
1250000 6.166666666666667 1.125
1300000 6.222222222222222 1.0
1350000 6.5 1.375
1400000 6.222222222222222 1.0
1450000 6.361111111111111 1.0
1500000 6.555555555555555 0.75
1550000 6.222222222222222 1.109375
1600000 6.527777777777778 0.953125
1650000 6.333333333333333 1.375
1700000 6.472222222222222 1.0
1750000 6.666666666666667 1.25
1800000 6.388888888888889 1.125
1850000 6.277777777777778 1.0
1900000 6.416666666666667 1.0
1950000 6.5 1.0
2000000 6.722222222222222 1.0
2050000 6.888888888888889 1.0
2100000 6.527777777777778 1.125
2150000 6.527777777777778 1.0
2200000 6.722222222222222 1.0
2250000 6.333333333333333 1.421875
2300000 6.555555555555555 1.0
2350000 6.416666666666667 1.0
2400000 6.416666666666667 1.25
2450000 6.611111111111111 0.875
2500000 6.694444444444445 1.375
2550000 6.527777777777778 0.765625
2600000 6.611111111111111 0.75
2650000 6.444444444444445 1.046875
2700000 6.722222222222222 1.375
2750000 6.083333333333333 1.375
2800000 6.444444444444445 1.0
2850000 6.5 1.375
2900000 6.75 1.375
2950000 6.527777777777778 1.171875
3000000 6.583333333333333 1.0
