50000 8.0 0.15625
100000 8.527777777777779 0.140625
150000 8.61111111111111 0.1875
200000 8.63888888888889 0.140625
250000 8.666666666666666 0.359375
300000 8.694444444444445 0.109375
350000 8.777777777777779 0.203125
400000 7.888888888888889 0.109375
450000 8.805555555555555 0.203125
500000 8.833333333333334 0.109375
550000 8.805555555555555 0.1875
600000 8.805555555555555 0.109375
650000 8.805555555555555 0.203125
700000 8.86111111111111 0.140625
750000 8.86111111111111 0.125
800000 8.86111111111111 0.15625
850000 8.88888888888889 0.90625
900000 8.916666666666666 0.140625
950000 8.88888888888889 0.109375
1000000 7.611111111111111 0.140625
1050000 8.88888888888889 0.109375
1100000 8.833333333333334 0.1875
1150000 7.305555555555555 0.15625
1200000 8.722222222222221 0.15625
1250000 8.472222222222221 0.203125
1300000 8.36111111111111 0.1875
1350000 8.944444444444445 0.1875
1400000 8.972222222222221 0.109375
1450000 8.666666666666666 1.125
1500000 8.805555555555555 0.15625
1550000 8.916666666666666 0.15625
1600000 8.833333333333334 0.203125
1650000 9.222222222222221 0.140625
1700000 9.277777777777779 0.140625
1750000 9.083333333333334 0.1875
1800000 9.11111111111111 0.125
1850000 8.194444444444445 0.140625
1900000 9.25 0.140625
1950000 9.222222222222221 0.140625
2000000 9.222222222222221 0.203125
2050000 9.166666666666666 0.203125
2100000 9.25 0.140625
2150000 9.194444444444445 0.109375
2200000 9.222222222222221 0.1875
2250000 9.222222222222221 0.109375
2300000 9.194444444444445 0.8125
2350000 9.25 0.15625
2400000 9.25 0.09375
2450000 9.194444444444445 0.140625
2500000 9.277777777777779 0.1875
2550000 9.25 0.140625
2600000 9.166666666666666 0.125
2650000 9.25 0.15625
2700000 9.25 0.140625
2750000 9.222222222222221 0.203125
2800000 8.944444444444445 0.203125
2850000 9.222222222222221 0.140625
2900000 9.333333333333334 1.125
2950000 8.527777777777779 0.1875
3000000 9.166666666666666 0.109375
