50000 0.2222222222222222 0.046875
100000 1.8055555555555556 0.75
150000 2.3333333333333335 1.09375
200000 1.1666666666666667 0.671875
250000 0.8055555555555556 0.640625
300000 1.4722222222222223 0.921875
350000 2.3333333333333335 1.0
400000 3.361111111111111 0.734375
450000 4.25 0.984375
500000 4.861111111111111 1.125
550000 4.416666666666667 1.0
600000 4.944444444444445 1.34375
650000 5.333333333333333 1.0
700000 5.472222222222222 1.375
750000 5.777777777777778 1.25
800000 5.611111111111111 1.0
850000 5.305555555555555 1.0
900000 5.805555555555555 1.125
950000 5.861111111111111 1.0
1000000 5.861111111111111 1.25
1050000 5.833333333333333 1.25
1100000 5.888888888888889 1.375
1150000 5.638888888888889 1.0
1200000 5.722222222222222 1.0
1250000 5.833333333333333 1.078125
1300000 6.333333333333333 1.375
1350000 6.361111111111111 1.25
1400000 6.416666666666667 1.0
1450000 6.555555555555555 1.5
1500000 6.638888888888889 1.375
1550000 6.777777777777778 1.125
1600000 6.638888888888889 1.125
1650000 6.833333333333333 1.375
1700000 6.666666666666667 0.75
1750000 6.833333333333333 0.984375
1800000 6.833333333333333 1.0
1850000 6.666666666666667 1.0
1900000 6.75 1.0
1950000 6.888888888888889 1.375
2000000 6.888888888888889 1.25
2050000 6.972222222222222 1.421875
2100000 7.027777777777778 1.28125
2150000 6.972222222222222 1.25
2200000 6.944444444444445 0.75
2250000 7.166666666666667 1.25
2300000 6.972222222222222 1.375
2350000 7.0 1.25
2400000 7.027777777777778 1.0
2450000 7.111111111111111 1.0
2500000 7.0 1.125
2550000 7.222222222222222 1.359375
2600000 6.944444444444445 1.375
2650000 7.083333333333333 1.0
2700000 7.083333333333333 1.0
2750000 7.083333333333333 0.75
2800000 7.0 0.75
2850000 7.194444444444445 1.125
2900000 7.194444444444445 1.0
2950000 7.194444444444445 0.75
3000000 7.111111111111111 1.0
