50000 7.583333333333333 0.140625
100000 8.555555555555555 0.140625
150000 8.777777777777779 0.109375
200000 8.63888888888889 0.109375
250000 8.833333333333334 0.34375
300000 8.88888888888889 0.140625
350000 8.916666666666666 0.15625
400000 7.972222222222222 0.140625
450000 8.805555555555555 0.140625
500000 8.916666666666666 0.203125
550000 8.777777777777779 0.109375
600000 8.75 0.140625
650000 8.972222222222221 0.140625
700000 8.916666666666666 0.203125
750000 8.972222222222221 0.125
800000 9.11111111111111 0.140625
850000 9.083333333333334 0.8125
900000 9.027777777777779 0.1875
950000 9.055555555555555 0.140625
1000000 9.027777777777779 0.140625
1050000 8.916666666666666 0.109375
1100000 7.777777777777778 0.140625
1150000 9.083333333333334 0.109375
1200000 9.055555555555555 0.140625
1250000 9.055555555555555 0.203125
1300000 9.083333333333334 0.109375
1350000 9.083333333333334 0.109375
1400000 9.083333333333334 0.140625
1450000 9.027777777777779 1.25
1500000 8.694444444444445 0.109375
1550000 9.083333333333334 0.1875
1600000 8.86111111111111 0.109375
1650000 8.75 0.1875
1700000 9.027777777777779 0.3125
1750000 9.055555555555555 0.203125
1800000 9.0 0.15625
1850000 9.027777777777779 0.140625
1900000 9.083333333333334 0.140625
1950000 9.055555555555555 0.15625
2000000 9.0 0.109375
2050000 7.805555555555555 0.140625
2100000 9.055555555555555 0.203125
2150000 9.055555555555555 0.140625
2200000 9.027777777777779 0.140625
2250000 9.083333333333334 0.125
2300000 9.027777777777779 0.8125
2350000 9.027777777777779 0.1875
2400000 9.0 0.09375
2450000 9.0 0.140625
2500000 9.055555555555555 0.140625
2550000 9.0 0.125
2600000 8.972222222222221 0.1875
2650000 9.0 0.140625
2700000 9.0 0.109375
2750000 9.027777777777779 0.140625
2800000 9.027777777777779 0.140625
2850000 9.027777777777779 0.140625
2900000 9.0 1.25
2950000 8.88888888888889 0.140625
3000000 8.972222222222221 0.203125
