50000 0.1111111111111111 0.09375
100000 3.5 1.25
150000 1.6111111111111112 1.28125
200000 1.0 0.75
250000 1.1111111111111112 1.25
300000 1.5833333333333333 0.6875
350000 3.5555555555555554 1.0
400000 4.416666666666667 1.375
450000 4.638888888888889 0.75
500000 5.527777777777778 1.0
550000 5.055555555555555 1.0
600000 4.861111111111111 0.921875
650000 5.25 0.75
700000 4.888888888888889 1.0
750000 5.361111111111111 0.765625
800000 5.361111111111111 1.125
850000 5.083333333333333 0.671875
900000 5.472222222222222 1.125
950000 6.027777777777778 1.375
1000000 5.722222222222222 1.0
1050000 6.305555555555555 1.078125
1100000 6.138888888888889 1.0
1150000 6.166666666666667 1.265625
1200000 6.083333333333333 1.0
1250000 6.055555555555555 1.0
1300000 6.694444444444445 1.0
1350000 6.722222222222222 0.75
1400000 6.916666666666667 1.0
1450000 6.972222222222222 0.75
1500000 6.75 1.125
1550000 6.861111111111111 1.0
1600000 6.444444444444445 1.25
1650000 7.0 1.078125
1700000 6.833333333333333 1.078125
1750000 6.444444444444445 0.75
1800000 6.916666666666667 0.75
1850000 6.416666666666667 1.0
1900000 6.583333333333333 1.03125
1950000 6.611111111111111 1.125
2000000 6.555555555555555 1.109375
2050000 6.694444444444445 1.0
2100000 6.833333333333333 1.25
2150000 6.583333333333333 1.0
2200000 6.888888888888889 1.375
2250000 6.638888888888889 0.75
2300000 6.888888888888889 1.125
2350000 6.833333333333333 0.984375
2400000 6.666666666666667 1.0
2450000 6.638888888888889 1.40625
2500000 6.75 0.984375
2550000 6.611111111111111 1.0
2600000 6.833333333333333 0.765625
2650000 6.333333333333333 1.0
2700000 6.25 0.75
2750000 6.472222222222222 1.0
2800000 6.333333333333333 1.0
2850000 6.027777777777778 1.3125
2900000 6.25 0.75
2950000 6.111111111111111 1.0
3000000 6.416666666666667 0.953125
