50000 7.222222222222222 0.140625
100000 8.527777777777779 0.140625
150000 8.61111111111111 0.125
200000 8.11111111111111 0.109375
250000 8.61111111111111 0.40625
300000 8.61111111111111 0.140625
350000 8.666666666666666 0.203125
400000 8.694444444444445 0.140625
450000 8.805555555555555 0.203125
500000 8.666666666666666 0.1875
550000 8.722222222222221 0.1875
600000 8.583333333333334 0.140625
650000 8.11111111111111 0.171875
700000 7.305555555555555 0.109375
750000 8.63888888888889 0.125
800000 8.694444444444445 0.109375
850000 8.694444444444445 0.8125
900000 8.75 0.140625
950000 8.694444444444445 0.109375
1000000 8.583333333333334 0.15625
1050000 8.694444444444445 0.1875
1100000 8.694444444444445 0.140625
1150000 8.75 0.1875
1200000 8.777777777777779 0.15625
1250000 8.722222222222221 0.140625
1300000 8.63888888888889 0.203125
1350000 8.777777777777779 0.140625
1400000 8.333333333333334 0.15625
1450000 8.777777777777779 1.25
1500000 8.777777777777779 0.140625
1550000 8.666666666666666 0.140625
1600000 8.63888888888889 0.09375
1650000 8.527777777777779 0.1875
1700000 8.63888888888889 0.109375
1750000 8.555555555555555 0.125
1800000 8.777777777777779 0.1875
1850000 8.36111111111111 0.140625
1900000 8.583333333333334 0.1875
1950000 8.777777777777779 0.140625
2000000 8.722222222222221 0.125
2050000 8.666666666666666 0.140625
2100000 8.777777777777779 0.140625
2150000 8.777777777777779 0.109375
2200000 8.61111111111111 0.140625
2250000 8.5 0.140625
2300000 8.777777777777779 0.671875
2350000 8.527777777777779 0.109375
2400000 8.777777777777779 0.125
2450000 8.777777777777779 0.140625
2500000 8.166666666666666 0.140625
2550000 8.777777777777779 0.1875
2600000 8.5 0.109375
2650000 8.444444444444445 0.171875
2700000 8.777777777777779 0.1875
2750000 9.13888888888889 0.1875
2800000 9.11111111111111 0.140625
2850000 9.083333333333334 0.15625
2900000 9.083333333333334 1.125
2950000 9.083333333333334 0.109375
3000000 9.0 0.15625
