50000 0.1388888888888889 0.078125
100000 2.25 0.875
150000 2.138888888888889 0.875
200000 1.3888888888888888 0.875
250000 0.7777777777777778 1.0
300000 0.8611111111111112 0.734375
350000 1.7777777777777777 0.875
400000 2.9444444444444446 1.0
450000 4.5 1.0
500000 4.527777777777778 1.25
550000 4.611111111111111 1.0
600000 4.305555555555555 1.0
650000 4.777777777777778 1.125
700000 5.0 1.25
750000 4.888888888888889 1.25
800000 5.027777777777778 0.875
850000 4.916666666666667 1.0
900000 4.972222222222222 1.03125
950000 5.25 0.984375
1000000 4.944444444444445 1.0
1050000 5.027777777777778 1.125
1100000 5.083333333333333 1.0
1150000 5.361111111111111 1.0
1200000 5.5 0.984375
1250000 5.5 0.75
1300000 5.444444444444445 1.0
1350000 5.361111111111111 1.0
1400000 5.527777777777778 1.375
1450000 5.75 0.75
1500000 5.722222222222222 1.0
1550000 5.75 0.75
1600000 5.638888888888889 0.75
1650000 5.444444444444445 1.09375
1700000 5.555555555555555 1.078125
1750000 5.333333333333333 0.9375
1800000 5.555555555555555 1.375
1850000 5.722222222222222 1.015625
1900000 5.861111111111111 1.375
1950000 6.055555555555555 1.375
2000000 5.805555555555555 1.0
2050000 5.777777777777778 1.375
2100000 5.777777777777778 0.75
2150000 5.583333333333333 0.984375
2200000 5.888888888888889 1.0
2250000 5.916666666666667 1.25
2300000 6.111111111111111 1.0
2350000 6.111111111111111 1.25
2400000 6.055555555555555 1.0
2450000 5.916666666666667 1.375
2500000 6.166666666666667 0.96875
2550000 6.305555555555555 1.0
2600000 6.333333333333333 1.375
2650000 6.555555555555555 1.0
2700000 6.416666666666667 1.0
2750000 6.722222222222222 1.0
2800000 6.25 0.75
2850000 6.138888888888889 1.0
2900000 6.388888888888889 1.25
2950000 6.138888888888889 0.984375
3000000 6.25 1.0
