50000 7.0 0.109375
100000 8.63888888888889 0.125
150000 8.694444444444445 0.109375
200000 8.86111111111111 0.15625
250000 8.86111111111111 0.25
300000 7.861111111111111 0.1875
350000 8.86111111111111 0.140625
400000 8.805555555555555 0.109375
450000 8.916666666666666 0.140625
500000 8.916666666666666 0.109375
550000 8.944444444444445 0.109375
600000 8.916666666666666 0.109375
650000 8.694444444444445 0.203125
700000 8.416666666666666 0.203125
750000 8.916666666666666 0.140625
800000 8.916666666666666 0.15625
850000 8.555555555555555 0.828125
900000 8.916666666666666 0.15625
950000 8.916666666666666 0.140625
1000000 8.916666666666666 0.140625
1050000 8.833333333333334 0.140625
1100000 8.86111111111111 0.1875
1150000 8.916666666666666 0.140625
1200000 8.916666666666666 0.140625
1250000 8.916666666666666 0.1875
1300000 8.916666666666666 0.1875
1350000 8.916666666666666 0.140625
1400000 8.805555555555555 0.1875
1450000 8.916666666666666 1.25
1500000 8.916666666666666 0.1875
1550000 8.916666666666666 0.140625
1600000 8.833333333333334 0.140625
1650000 8.916666666666666 0.1875
1700000 8.916666666666666 0.1875
1750000 8.916666666666666 0.203125
1800000 8.916666666666666 0.109375
1850000 8.916666666666666 0.125
1900000 8.972222222222221 0.140625
1950000 8.972222222222221 0.109375
2000000 8.88888888888889 0.1875
2050000 8.916666666666666 0.203125
2100000 8.916666666666666 0.1875
2150000 8.916666666666666 0.15625
2200000 8.916666666666666 0.140625
2250000 8.63888888888889 0.1875
2300000 8.916666666666666 0.71875
2350000 8.277777777777779 0.140625
2400000 8.916666666666666 0.140625
2450000 8.916666666666666 0.15625
2500000 8.916666666666666 0.140625
2550000 8.722222222222221 0.1875
2600000 8.916666666666666 0.140625
2650000 8.916666666666666 0.203125
2700000 8.916666666666666 0.140625
2750000 8.972222222222221 0.140625
2800000 8.916666666666666 0.140625
2850000 8.916666666666666 0.140625
2900000 8.86111111111111 1.25
2950000 8.916666666666666 0.109375
3000000 8.916666666666666 0.109375
