50000 7.472222222222222 0.109375
100000 8.666666666666666 0.203125
150000 8.777777777777779 0.15625
200000 8.777777777777779 0.109375
250000 7.444444444444445 0.28125
300000 8.555555555555555 0.15625
350000 8.86111111111111 0.140625
400000 8.86111111111111 0.171875
450000 8.61111111111111 0.140625
500000 8.416666666666666 0.15625
550000 8.86111111111111 0.203125
600000 8.38888888888889 0.15625
650000 8.833333333333334 0.109375
700000 8.583333333333334 0.140625
750000 8.666666666666666 0.15625
800000 8.916666666666666 0.109375
850000 8.916666666666666 0.796875
900000 8.916666666666666 0.15625
950000 8.86111111111111 0.203125
1000000 8.777777777777779 0.140625
1050000 8.916666666666666 0.140625
1100000 8.61111111111111 0.140625
1150000 8.694444444444445 0.109375
1200000 8.88888888888889 0.1875
1250000 8.916666666666666 0.109375
1300000 8.916666666666666 0.140625
1350000 7.583333333333333 0.203125
1400000 8.916666666666666 0.109375
1450000 8.916666666666666 1.125
1500000 8.916666666666666 0.140625
1550000 8.916666666666666 0.140625
1600000 8.916666666666666 0.140625
1650000 8.916666666666666 0.15625
1700000 8.916666666666666 0.25
1750000 8.222222222222221 0.1875
1800000 9.11111111111111 0.140625
1850000 9.222222222222221 0.1875
1900000 9.222222222222221 0.109375
1950000 9.25 0.109375
2000000 9.25 0.15625
2050000 9.222222222222221 0.140625
2100000 9.25 0.109375
2150000 9.055555555555555 0.140625
2200000 9.25 0.171875
2250000 9.11111111111111 0.15625
2300000 9.333333333333334 0.703125
2350000 9.25 0.140625
2400000 9.444444444444445 0.1875
2450000 9.472222222222221 0.140625
2500000 9.194444444444445 0.109375
2550000 9.416666666666666 0.15625
2600000 9.444444444444445 0.140625
2650000 9.444444444444445 0.109375
2700000 9.305555555555555 0.1875
2750000 9.305555555555555 0.15625
2800000 9.5 0.1875
2850000 9.444444444444445 0.171875
2900000 9.416666666666666 1.109375
2950000 9.25 0.15625
3000000 9.472222222222221 0.140625
