50000 0.16666666666666666 0.046875
100000 1.5833333333333333 0.953125
150000 2.8333333333333335 0.96875
200000 1.0 0.953125
250000 0.8333333333333334 0.75
300000 1.0 1.25
350000 2.5833333333333335 1.25
400000 2.7222222222222223 1.0
450000 4.722222222222222 1.0
500000 5.083333333333333 1.0
550000 4.805555555555555 0.875
600000 4.5 0.890625
650000 4.694444444444445 0.75
700000 5.333333333333333 1.0
750000 5.166666666666667 1.0
800000 5.111111111111111 0.96875
850000 5.277777777777778 1.0
900000 5.027777777777778 1.046875
950000 5.361111111111111 1.015625
1000000 5.472222222222222 0.75
1050000 5.277777777777778 1.359375
1100000 5.805555555555555 1.125
1150000 6.25 1.125
1200000 6.166666666666667 0.75
1250000 5.916666666666667 0.75
1300000 6.138888888888889 1.125
1350000 6.222222222222222 0.9375
1400000 6.388888888888889 1.0
1450000 5.861111111111111 0.875
1500000 6.277777777777778 1.0
1550000 6.194444444444445 1.125
1600000 6.444444444444445 1.25
1650000 6.305555555555555 1.0
1700000 6.444444444444445 0.984375
1750000 6.277777777777778 1.046875
1800000 6.388888888888889 1.375
1850000 6.583333333333333 1.25
1900000 6.388888888888889 1.0
1950000 6.361111111111111 1.0
2000000 6.416666666666667 1.0
2050000 6.416666666666667 1.375
2100000 5.527777777777778 1.078125
2150000 5.222222222222222 0.75
2200000 6.083333333333333 1.359375
2250000 6.305555555555555 1.375
2300000 6.111111111111111 1.0
2350000 6.361111111111111 0.75
2400000 6.194444444444445 1.453125
2450000 6.5 1.0
2500000 6.388888888888889 0.75
2550000 6.305555555555555 1.0625
2600000 6.166666666666667 0.984375
2650000 6.388888888888889 0.75
2700000 6.416666666666667 1.375
2750000 6.166666666666667 1.25
2800000 6.194444444444445 1.375
2850000 6.166666666666667 0.75
2900000 6.222222222222222 0.75
2950000 5.944444444444445 1.125
3000000 6.361111111111111 1.484375
