50000 7.138888888888889 0.09375
100000 8.63888888888889 0.09375
150000 8.722222222222221 0.09375
200000 8.805555555555555 0.09375
250000 8.805555555555555 0.546875
300000 8.805555555555555 0.09375
350000 7.805555555555555 0.09375
400000 8.25 0.09375
450000 8.805555555555555 0.09375
500000 8.277777777777779 0.078125
550000 8.444444444444445 0.078125
600000 8.61111111111111 0.09375
650000 8.63888888888889 0.09375
700000 8.805555555555555 0.09375
750000 8.805555555555555 0.09375
800000 8.805555555555555 0.09375
850000 8.722222222222221 1.0
900000 8.805555555555555 0.09375
950000 8.805555555555555 0.09375
1000000 8.805555555555555 0.09375
1050000 8.805555555555555 0.09375
1100000 8.527777777777779 0.09375
1150000 8.972222222222221 0.078125
1200000 8.972222222222221 0.09375
1250000 8.972222222222221 0.078125
1300000 8.833333333333334 0.09375
1350000 8.972222222222221 0.09375
1400000 8.5 0.09375
1450000 9.027777777777779 1.109375
1500000 9.027777777777779 0.09375
1550000 8.86111111111111 0.09375
1600000 9.027777777777779 0.09375
1650000 8.583333333333334 0.09375
1700000 9.027777777777779 0.4375
1750000 8.805555555555555 0.09375
1800000 8.88888888888889 0.09375
1850000 9.027777777777779 0.078125
1900000 9.027777777777779 0.09375
1950000 8.222222222222221 0.09375
2000000 9.027777777777779 0.09375
2050000 9.027777777777779 0.109375
2100000 9.027777777777779 0.09375
2150000 8.38888888888889 0.09375
2200000 9.027777777777779 0.09375
2250000 9.027777777777779 0.09375
2300000 9.0 0.8125
2350000 8.86111111111111 0.09375
2400000 9.027777777777779 0.09375
2450000 8.833333333333334 0.09375
2500000 9.027777777777779 0.09375
2550000 9.027777777777779 0.09375
2600000 9.027777777777779 0.078125
2650000 9.027777777777779 0.078125
2700000 9.027777777777779 0.078125
2750000 9.027777777777779 0.09375
2800000 9.027777777777779 0.09375
2850000 8.694444444444445 0.09375
2900000 9.027777777777779 0.984375
2950000 9.027777777777779 0.09375
3000000 9.027777777777779 0.09375
