50000 0.1388888888888889 0.046875
100000 1.6388888888888888 0.875
150000 1.5 1.25
200000 0.9722222222222222 0.734375
250000 0.9444444444444444 0.875
300000 1.1388888888888888 0.9375
350000 1.4444444444444444 1.0625
400000 2.5 1.0
450000 3.0277777777777777 1.0
500000 3.6944444444444446 1.0
550000 4.083333333333333 1.125
600000 4.722222222222222 0.75
650000 4.166666666666667 1.359375
700000 4.666666666666667 1.0
750000 4.666666666666667 1.0
800000 4.944444444444445 0.75
850000 5.194444444444445 1.0
900000 5.222222222222222 1.015625
950000 5.222222222222222 1.0
1000000 5.416666666666667 1.125
1050000 5.222222222222222 1.375
1100000 5.277777777777778 1.0
1150000 5.444444444444445 1.375
1200000 5.222222222222222 1.0
1250000 4.916666666666667 1.0
1300000 5.361111111111111 1.0
1350000 5.083333333333333 1.375
1400000 5.027777777777778 1.0
1450000 5.111111111111111 1.0
1500000 5.25 1.125
1550000 5.083333333333333 1.015625
1600000 5.472222222222222 0.75
1650000 5.472222222222222 1.375
1700000 5.638888888888889 1.375
1750000 5.694444444444445 0.984375
1800000 5.833333333333333 1.375
1850000 5.972222222222222 0.75
1900000 6.0 1.0
1950000 6.138888888888889 1.046875
2000000 6.0 0.875
2050000 6.111111111111111 1.0
2100000 6.055555555555555 0.96875
2150000 6.222222222222222 1.0
2200000 6.027777777777778 1.375
2250000 5.916666666666667 1.0
2300000 6.277777777777778 1.21875
2350000 6.027777777777778 1.078125
2400000 6.166666666666667 1.0625
2450000 6.305555555555555 1.0
2500000 6.25 1.5
2550000 6.194444444444445 1.0
2600000 6.361111111111111 1.25
2650000 6.055555555555555 1.046875
2700000 6.083333333333333 1.234375
2750000 6.305555555555555 1.375
2800000 6.333333333333333 0.75
2850000 6.111111111111111 0.984375
2900000 6.25 1.3125
2950000 6.166666666666667 1.0
3000000 6.222222222222222 1.0
