50000 7.111111111111111 0.15625
100000 8.583333333333334 0.140625
150000 8.333333333333334 0.15625
200000 8.694444444444445 0.1875
250000 8.5 0.359375
300000 8.63888888888889 0.140625
350000 8.694444444444445 0.109375
400000 8.11111111111111 0.140625
450000 8.694444444444445 0.140625
500000 8.694444444444445 0.15625
550000 8.694444444444445 0.15625
600000 8.527777777777779 0.109375
650000 8.13888888888889 0.1875
700000 8.527777777777779 0.15625
750000 8.694444444444445 0.109375
800000 8.666666666666666 0.140625
850000 8.694444444444445 0.765625
900000 8.694444444444445 0.203125
950000 8.833333333333334 0.109375
1000000 8.972222222222221 0.109375
1050000 9.11111111111111 0.125
1100000 8.5 0.15625
1150000 9.166666666666666 0.1875
1200000 9.11111111111111 0.171875
1250000 9.13888888888889 0.109375
1300000 9.166666666666666 0.203125
1350000 8.805555555555555 0.171875
1400000 8.555555555555555 0.109375
1450000 9.11111111111111 1.125
1500000 9.166666666666666 0.140625
1550000 9.194444444444445 0.1875
1600000 9.11111111111111 0.109375
1650000 8.38888888888889 0.140625
1700000 8.777777777777779 0.21875
1750000 9.13888888888889 0.203125
1800000 8.833333333333334 0.140625
1850000 9.194444444444445 0.109375
1900000 9.194444444444445 0.203125
1950000 9.194444444444445 0.109375
2000000 9.055555555555555 0.109375
2050000 8.75 0.140625
2100000 9.194444444444445 0.1875
2150000 8.86111111111111 0.15625
2200000 9.194444444444445 0.15625
2250000 9.194444444444445 0.15625
2300000 9.11111111111111 0.765625
2350000 9.194444444444445 0.15625
2400000 9.055555555555555 0.140625
2450000 9.194444444444445 0.09375
2500000 9.166666666666666 0.109375
2550000 9.194444444444445 0.140625
2600000 9.194444444444445 0.1875
2650000 9.194444444444445 0.140625
2700000 9.11111111111111 0.140625
2750000 9.194444444444445 0.109375
2800000 9.083333333333334 0.140625
2850000 9.194444444444445 0.15625
2900000 9.194444444444445 1.25
2950000 9.194444444444445 0.140625
3000000 9.083333333333334 0.140625
