50000 7.611111111111111 0.1875
100000 8.472222222222221 0.140625
150000 8.527777777777779 0.1875
200000 6.055555555555555 0.125
250000 8.416666666666666 0.453125
300000 8.0 0.171875
350000 8.527777777777779 0.1875
400000 8.63888888888889 0.125
450000 8.166666666666666 0.1875
500000 8.63888888888889 0.140625
550000 8.63888888888889 0.125
600000 8.63888888888889 0.140625
650000 8.5 0.140625
700000 8.38888888888889 0.15625
750000 8.63888888888889 0.140625
800000 8.63888888888889 0.109375
850000 8.416666666666666 0.90625
900000 8.527777777777779 0.140625
950000 8.61111111111111 0.203125
1000000 8.63888888888889 0.1875
1050000 8.63888888888889 0.140625
1100000 8.583333333333334 0.09375
1150000 8.63888888888889 0.140625
1200000 8.63888888888889 0.140625
1250000 8.63888888888889 0.109375
1300000 8.63888888888889 0.140625
1350000 8.38888888888889 0.203125
1400000 8.63888888888889 0.140625
1450000 8.194444444444445 1.1875
1500000 8.63888888888889 0.109375
1550000 8.38888888888889 0.15625
1600000 8.61111111111111 0.203125
1650000 8.63888888888889 0.140625
1700000 8.472222222222221 0.234375
1750000 8.63888888888889 0.109375
1800000 8.222222222222221 0.140625
1850000 8.666666666666666 0.140625
1900000 8.666666666666666 0.125
1950000 8.666666666666666 0.109375
2000000 8.36111111111111 0.171875
2050000 8.666666666666666 0.140625
2100000 8.555555555555555 0.109375
2150000 8.88888888888889 0.1875
2200000 7.777777777777778 0.140625
2250000 8.777777777777779 0.109375
2300000 8.88888888888889 0.671875
2350000 8.88888888888889 0.140625
2400000 8.88888888888889 0.171875
2450000 8.88888888888889 0.140625
2500000 8.5 0.1875
2550000 8.805555555555555 0.109375
2600000 8.88888888888889 0.109375
2650000 8.88888888888889 0.109375
2700000 8.722222222222221 0.15625
2750000 8.88888888888889 0.140625
2800000 8.75 0.109375
2850000 8.38888888888889 0.203125
2900000 8.88888888888889 1.296875
2950000 8.86111111111111 0.1875
3000000 8.88888888888889 0.171875
