50000 0.1388888888888889 0.046875
100000 2.0555555555555554 0.625
150000 2.0555555555555554 0.984375
200000 1.25 0.859375
250000 1.0833333333333333 0.875
300000 0.9444444444444444 1.109375
350000 2.638888888888889 1.0
400000 5.638888888888889 0.890625
450000 4.361111111111111 0.75
500000 4.888888888888889 0.75
550000 4.944444444444445 1.0
600000 5.361111111111111 1.0
650000 5.888888888888889 1.0
700000 5.555555555555555 1.0
750000 5.527777777777778 1.3125
800000 5.888888888888889 1.25
850000 5.5 0.953125
900000 6.0 1.125
950000 6.027777777777778 1.375
1000000 5.861111111111111 1.0625
1050000 5.972222222222222 1.0
1100000 6.111111111111111 1.0
1150000 6.277777777777778 1.0
1200000 6.722222222222222 1.0
1250000 6.666666666666667 1.0
1300000 6.583333333333333 1.0
1350000 6.666666666666667 1.125
1400000 6.5 1.125
1450000 6.694444444444445 0.625
1500000 6.583333333333333 1.375
1550000 6.833333333333333 1.0
1600000 6.638888888888889 1.125
1650000 6.694444444444445 1.25
1700000 6.75 0.75
1750000 6.861111111111111 1.0
1800000 7.25 0.875
1850000 7.138888888888889 1.0
1900000 6.944444444444445 0.75
1950000 7.0 0.75
2000000 6.861111111111111 1.0
2050000 6.583333333333333 1.109375
2100000 6.722222222222222 1.25
2150000 7.166666666666667 1.0
2200000 6.972222222222222 1.0
2250000 6.777777777777778 1.125
2300000 7.083333333333333 1.0
2350000 6.666666666666667 1.0625
2400000 6.611111111111111 1.25
2450000 6.833333333333333 1.0
2500000 6.305555555555555 0.75
2550000 6.527777777777778 1.125
2600000 6.75 0.984375
2650000 6.694444444444445 1.25
2700000 6.75 1.0
2750000 6.805555555555555 0.75
2800000 6.888888888888889 1.0
2850000 6.944444444444445 0.75
2900000 6.777777777777778 1.0
2950000 6.611111111111111 1.125
3000000 6.527777777777778 1.0
