50000 0.1111111111111111 0.046875
100000 1.4444444444444444 1.203125
150000 1.2222222222222223 1.203125
200000 1.8333333333333333 1.25
250000 0.9444444444444444 1.0
300000 0.9722222222222222 1.0
350000 1.8055555555555556 0.875
400000 2.5833333333333335 1.0
450000 4.5 1.0
500000 4.916666666666667 0.90625
550000 4.833333333333333 1.375
600000 4.888888888888889 0.625
650000 5.166666666666667 1.0
700000 5.555555555555555 0.875
750000 5.833333333333333 1.375
800000 5.611111111111111 1.109375
850000 5.583333333333333 0.75
900000 5.972222222222222 0.875
950000 5.75 1.25
1000000 6.25 1.0
1050000 6.083333333333333 0.75
1100000 6.388888888888889 0.703125
1150000 6.361111111111111 1.28125
1200000 6.472222222222222 1.375
1250000 6.333333333333333 0.875
1300000 6.277777777777778 1.09375
1350000 6.333333333333333 0.75
1400000 6.055555555555555 0.765625
1450000 6.305555555555555 1.375
1500000 6.388888888888889 1.0
1550000 6.333333333333333 1.0
1600000 6.444444444444445 1.0
1650000 6.583333333333333 1.0
1700000 6.555555555555555 0.75
1750000 6.388888888888889 0.890625
1800000 6.555555555555555 1.09375
1850000 6.638888888888889 1.0625
1900000 6.666666666666667 1.0
1950000 6.527777777777778 1.0
2000000 6.611111111111111 0.75
2050000 6.5 1.078125
2100000 6.583333333333333 1.125
2150000 6.444444444444445 1.375
2200000 6.611111111111111 1.0
2250000 6.361111111111111 0.75
2300000 6.361111111111111 1.0
2350000 6.444444444444445 0.75
2400000 6.583333333333333 1.0
2450000 6.638888888888889 0.984375
2500000 6.833333333333333 0.75
2550000 7.138888888888889 1.0
2600000 7.333333333333333 1.0
2650000 6.972222222222222 1.0
2700000 6.666666666666667 1.0625
2750000 7.194444444444445 1.0
2800000 7.222222222222222 1.359375
2850000 7.166666666666667 1.0
2900000 7.25 1.0
2950000 7.361111111111111 1.0
3000000 7.388888888888889 1.375
