50000 10.027777777777779 0.171875
100000 10.916666666666666 0.171875
150000 12.25 0.171875
200000 12.472222222222221 0.171875
250000 12.444444444444445 0.171875
300000 11.722222222222221 0.234375
350000 12.472222222222221 0.125
400000 12.444444444444445 0.140625
450000 12.416666666666666 0.140625
500000 12.222222222222221 0.140625
550000 12.38888888888889 0.234375
600000 12.444444444444445 0.234375
650000 12.277777777777779 0.234375
700000 12.472222222222221 0.21875
750000 12.472222222222221 0.1875
800000 12.472222222222221 0.25
850000 12.083333333333334 0.921875
900000 12.472222222222221 0.171875
950000 12.472222222222221 0.171875
1000000 12.472222222222221 0.171875
1050000 12.36111111111111 0.15625
1100000 12.444444444444445 0.125
1150000 12.472222222222221 0.1875
1200000 12.472222222222221 0.171875
1250000 11.805555555555555 0.125
1300000 12.36111111111111 0.234375
1350000 12.36111111111111 0.171875
1400000 11.61111111111111 0.171875
1450000 12.36111111111111 1.390625
1500000 12.472222222222221 0.125
1550000 12.472222222222221 0.125
1600000 12.416666666666666 0.125
1650000 12.472222222222221 0.171875
1700000 12.472222222222221 0.28125
1750000 12.472222222222221 0.1875
1800000 11.88888888888889 0.171875
1850000 12.36111111111111 0.125
1900000 12.36111111111111 0.125
1950000 12.36111111111111 0.125
2000000 12.36111111111111 0.171875
2050000 12.472222222222221 0.234375
2100000 11.972222222222221 0.234375
2150000 12.472222222222221 0.171875
2200000 12.416666666666666 0.171875
2250000 10.722222222222221 0.171875
2300000 12.472222222222221 0.703125
2350000 12.555555555555555 0.140625
2400000 12.583333333333334 0.140625
2450000 12.583333333333334 0.15625
2500000 12.583333333333334 0.15625
2550000 12.416666666666666 0.140625
2600000 12.472222222222221 0.140625
2650000 12.472222222222221 0.203125
2700000 12.472222222222221 0.125
2750000 12.13888888888889 0.25
2800000 12.527777777777779 0.171875
2850000 12.472222222222221 0.140625
2900000 12.083333333333334 1.3125
2950000 12.472222222222221 0.171875
3000000 12.472222222222221 0.125
