50000 0.25 0.0625
100000 3.6944444444444446 1.0
150000 4.75 1.25
200000 1.8333333333333333 1.203125
250000 1.3333333333333333 1.1875
300000 1.4722222222222223 1.4375
350000 1.5277777777777777 1.5
400000 2.5833333333333335 1.125
450000 3.861111111111111 1.375
500000 4.75 1.21875
550000 5.25 1.234375
600000 6.333333333333333 1.125
650000 5.805555555555555 1.375
700000 6.333333333333333 1.125
750000 6.305555555555555 1.25
800000 5.388888888888889 1.375
850000 5.916666666666667 0.984375
900000 6.444444444444445 1.25
950000 6.444444444444445 0.875
1000000 6.361111111111111 1.515625
1050000 6.555555555555555 1.375
1100000 6.222222222222222 1.25
1150000 6.777777777777778 1.25
1200000 6.444444444444445 1.125
1250000 6.444444444444445 1.375
1300000 6.694444444444445 1.125
1350000 7.472222222222222 1.203125
1400000 7.25 1.484375
1450000 7.333333333333333 1.375
1500000 7.027777777777778 1.0
1550000 7.472222222222222 1.171875
1600000 7.722222222222222 0.875
1650000 7.388888888888889 1.25
1700000 8.333333333333334 1.625
1750000 7.861111111111111 1.578125
1800000 8.027777777777779 1.25
1850000 7.5 1.640625
1900000 7.472222222222222 1.34375
1950000 7.777777777777778 0.90625
2000000 7.888888888888889 1.515625
2050000 7.638888888888889 1.21875
2100000 7.472222222222222 1.359375
2150000 7.777777777777778 1.125
2200000 7.25 1.515625
2250000 7.388888888888889 1.515625
2300000 6.972222222222222 1.25
2350000 7.555555555555555 1.25
2400000 6.777777777777778 1.25
2450000 7.472222222222222 1.21875
2500000 7.666666666666667 1.25
2550000 7.111111111111111 1.25
2600000 7.444444444444445 1.5625
2650000 7.388888888888889 1.625
2700000 7.555555555555555 1.25
2750000 7.638888888888889 0.875
2800000 7.027777777777778 1.5
2850000 8.0 1.21875
2900000 7.888888888888889 1.25
2950000 7.833333333333333 1.25
3000000 8.027777777777779 1.375
