50000 9.88888888888889 0.171875
100000 10.88888888888889 0.1875
150000 12.305555555555555 0.171875
200000 12.333333333333334 0.234375
250000 12.305555555555555 0.4375
300000 12.36111111111111 0.171875
350000 12.472222222222221 0.140625
400000 12.472222222222221 0.21875
450000 12.472222222222221 0.125
500000 11.305555555555555 0.234375
550000 12.472222222222221 0.140625
600000 12.194444444444445 0.171875
650000 12.472222222222221 0.234375
700000 12.472222222222221 0.171875
750000 12.472222222222221 0.21875
800000 12.36111111111111 0.1875
850000 12.472222222222221 0.9375
900000 12.472222222222221 0.171875
950000 12.36111111111111 0.234375
1000000 12.36111111111111 0.125
1050000 12.472222222222221 0.125
1100000 12.472222222222221 0.1875
1150000 11.166666666666666 0.234375
1200000 12.472222222222221 0.125
1250000 12.472222222222221 0.171875
1300000 11.916666666666666 0.234375
1350000 12.36111111111111 0.234375
1400000 12.472222222222221 0.140625
1450000 12.472222222222221 1.390625
1500000 12.472222222222221 0.125
1550000 12.36111111111111 0.171875
1600000 12.36111111111111 0.171875
1650000 12.166666666666666 0.234375
1700000 12.36111111111111 0.1875
1750000 11.472222222222221 0.171875
1800000 12.472222222222221 0.171875
1850000 12.472222222222221 0.171875
1900000 12.36111111111111 0.171875
1950000 12.472222222222221 0.25
2000000 12.472222222222221 0.1875
2050000 12.444444444444445 0.171875
2100000 12.472222222222221 0.171875
2150000 11.944444444444445 0.234375
2200000 12.25 0.171875
2250000 12.472222222222221 0.125
2300000 10.0 0.6875
2350000 12.25 0.171875
2400000 12.36111111111111 0.234375
2450000 12.472222222222221 0.1875
2500000 12.36111111111111 0.203125
2550000 12.472222222222221 0.234375
2600000 12.472222222222221 0.125
2650000 12.055555555555555 0.1875
2700000 12.472222222222221 0.234375
2750000 12.472222222222221 0.171875
2800000 12.444444444444445 0.234375
2850000 12.472222222222221 0.171875
2900000 12.36111111111111 1.390625
2950000 12.38888888888889 0.234375
3000000 12.472222222222221 0.140625
