50000 8.777777777777779 0.21875
100000 10.833333333333334 0.15625
150000 11.027777777777779 0.21875
200000 11.222222222222221 0.234375
250000 11.13888888888889 0.359375
300000 11.194444444444445 0.15625
350000 11.194444444444445 0.15625
400000 11.194444444444445 0.125
450000 11.194444444444445 0.1875
500000 11.194444444444445 0.125
550000 11.277777777777779 0.15625
600000 11.277777777777779 0.125
650000 11.222222222222221 0.234375
700000 11.25 0.203125
750000 11.25 0.234375
800000 11.25 0.15625
850000 11.13888888888889 0.9375
900000 11.25 0.171875
950000 11.277777777777779 0.203125
1000000 11.277777777777779 0.171875
1050000 11.277777777777779 0.171875
1100000 11.25 0.140625
1150000 11.277777777777779 0.171875
1200000 11.277777777777779 0.171875
1250000 11.277777777777779 0.171875
1300000 11.25 0.171875
1350000 11.222222222222221 0.1875
1400000 10.916666666666666 0.125
1450000 11.222222222222221 1.5
1500000 11.222222222222221 0.171875
1550000 11.194444444444445 0.171875
1600000 11.277777777777779 0.234375
1650000 11.25 0.15625
1700000 11.277777777777779 0.390625
1750000 11.277777777777779 0.171875
1800000 11.277777777777779 0.203125
1850000 11.277777777777779 0.171875
1900000 11.277777777777779 0.171875
1950000 11.25 0.171875
2000000 11.194444444444445 0.171875
2050000 10.694444444444445 0.140625
2100000 11.277777777777779 0.125
2150000 11.277777777777779 0.125
2200000 11.25 0.171875
2250000 11.055555555555555 0.234375
2300000 11.25 0.734375
2350000 11.222222222222221 0.140625
2400000 11.25 0.125
2450000 12.055555555555555 0.234375
2500000 12.055555555555555 0.171875
2550000 12.11111111111111 0.171875
2600000 12.11111111111111 0.171875
2650000 11.86111111111111 0.171875
2700000 12.194444444444445 0.21875
2750000 11.833333333333334 0.25
2800000 12.166666666666666 0.140625
2850000 12.166666666666666 0.171875
2900000 12.166666666666666 1.28125
2950000 12.166666666666666 0.140625
3000000 12.277777777777779 0.171875
