50000 9.944444444444445 0.171875
100000 10.944444444444445 0.25
150000 11.916666666666666 0.171875
200000 12.222222222222221 0.21875
250000 12.055555555555555 0.375
300000 12.222222222222221 0.171875
350000 11.5 0.171875
400000 12.222222222222221 0.140625
450000 12.222222222222221 0.171875
500000 12.13888888888889 0.171875
550000 12.222222222222221 0.234375
600000 12.194444444444445 0.171875
650000 12.222222222222221 0.140625
700000 12.25 0.171875
750000 12.25 0.1875
800000 12.25 0.25
850000 11.11111111111111 0.953125
900000 12.25 0.171875
950000 11.86111111111111 0.171875
1000000 12.333333333333334 0.25
1050000 12.25 0.140625
1100000 12.25 0.171875
1150000 12.13888888888889 0.1875
1200000 12.13888888888889 0.125
1250000 12.25 0.1875
1300000 12.055555555555555 0.234375
1350000 12.25 0.1875
1400000 12.25 0.15625
1450000 12.25 1.4375
1500000 11.416666666666666 0.1875
1550000 12.25 0.171875
1600000 12.166666666666666 0.1875
1650000 12.194444444444445 0.125
1700000 12.13888888888889 0.359375
1750000 12.25 0.171875
1800000 12.305555555555555 0.171875
1850000 12.166666666666666 0.171875
1900000 12.277777777777779 0.171875
1950000 12.305555555555555 0.25
2000000 12.305555555555555 0.171875
2050000 12.194444444444445 0.171875
2100000 12.38888888888889 0.1875
2150000 12.166666666666666 0.125
2200000 12.305555555555555 0.171875
2250000 12.25 0.15625
2300000 11.972222222222221 0.640625
2350000 12.305555555555555 0.171875
2400000 12.277777777777779 0.25
2450000 12.194444444444445 0.171875
2500000 12.277777777777779 0.125
2550000 12.222222222222221 0.234375
2600000 12.305555555555555 0.140625
2650000 12.305555555555555 0.234375
2700000 12.305555555555555 0.140625
2750000 11.86111111111111 0.234375
2800000 12.194444444444445 0.125
2850000 12.194444444444445 0.234375
2900000 12.25 1.28125
2950000 11.527777777777779 0.140625
3000000 12.305555555555555 0.171875
