50000 0.16666666666666666 0.09375
100000 2.2777777777777777 1.125
150000 4.055555555555555 1.5
200000 0.9444444444444444 1.265625
250000 0.75 1.0
300000 0.8888888888888888 1.125
350000 0.8888888888888888 1.0
400000 1.8055555555555556 1.375
450000 2.9722222222222223 1.375
500000 4.611111111111111 1.25
550000 5.305555555555555 1.25
600000 4.972222222222222 1.25
650000 5.194444444444445 1.25
700000 4.583333333333333 1.625
750000 5.305555555555555 1.125
800000 5.083333333333333 1.25
850000 5.611111111111111 1.25
900000 5.888888888888889 1.25
950000 5.555555555555555 1.640625
1000000 5.472222222222222 0.875
1050000 5.888888888888889 1.640625
1100000 5.694444444444445 1.125
1150000 6.138888888888889 1.25
1200000 5.75 0.875
1250000 5.694444444444445 1.25
1300000 5.861111111111111 1.25
1350000 6.666666666666667 1.25
1400000 6.833333333333333 1.25
1450000 6.611111111111111 1.25
1500000 6.611111111111111 1.25
1550000 6.527777777777778 1.25
1600000 6.555555555555555 1.25
1650000 6.777777777777778 1.234375
1700000 6.777777777777778 1.25
1750000 6.916666666666667 1.25
1800000 7.0 1.578125
1850000 7.472222222222222 1.15625
1900000 7.444444444444445 1.25
1950000 7.5 0.875
2000000 7.472222222222222 1.25
2050000 7.472222222222222 1.25
2100000 7.833333333333333 1.5
2150000 7.472222222222222 1.265625
2200000 7.611111111111111 1.203125
2250000 7.972222222222222 1.5
2300000 8.083333333333334 1.5
2350000 7.972222222222222 1.515625
2400000 7.555555555555555 1.25
2450000 7.944444444444445 1.25
2500000 7.722222222222222 1.0
2550000 8.305555555555555 1.25
2600000 7.472222222222222 1.25
2650000 8.416666666666666 1.625
2700000 8.25 1.25
2750000 8.305555555555555 1.125
2800000 8.277777777777779 1.234375
2850000 8.25 1.625
2900000 8.777777777777779 1.0
2950000 7.888888888888889 1.515625
3000000 8.527777777777779 1.25
