50000 9.194444444444445 0.109375
100000 10.805555555555555 0.125
150000 11.194444444444445 0.109375
200000 11.13888888888889 0.109375
250000 11.36111111111111 0.5625
300000 11.36111111111111 0.109375
350000 11.36111111111111 0.109375
400000 11.75 0.109375
450000 12.13888888888889 0.109375
500000 12.277777777777779 0.109375
550000 12.38888888888889 0.125
600000 12.38888888888889 0.109375
650000 12.38888888888889 0.109375
700000 12.38888888888889 0.125
750000 10.777777777777779 0.09375
800000 12.305555555555555 0.109375
850000 12.36111111111111 1.0
900000 12.444444444444445 0.109375
950000 11.88888888888889 0.125
1000000 11.916666666666666 0.109375
1050000 12.555555555555555 0.125
1100000 12.555555555555555 0.109375
1150000 12.527777777777779 0.109375
1200000 12.527777777777779 0.109375
1250000 12.555555555555555 0.109375
1300000 12.444444444444445 0.109375
1350000 12.61111111111111 0.125
1400000 12.444444444444445 0.109375
1450000 12.61111111111111 1.234375
1500000 12.61111111111111 0.109375
1550000 12.055555555555555 0.109375
1600000 12.083333333333334 0.125
1650000 11.222222222222221 0.109375
1700000 12.61111111111111 0.453125
1750000 12.61111111111111 0.109375
1800000 12.75 0.109375
1850000 13.055555555555555 0.109375
1900000 13.055555555555555 0.125
1950000 12.61111111111111 0.125
2000000 13.027777777777779 0.109375
2050000 12.805555555555555 0.109375
2100000 13.027777777777779 0.125
2150000 13.055555555555555 0.125
2200000 12.777777777777779 0.109375
2250000 13.055555555555555 0.109375
2300000 13.055555555555555 0.921875
2350000 13.055555555555555 0.109375
2400000 13.027777777777779 0.109375
2450000 13.055555555555555 0.109375
2500000 13.055555555555555 0.109375
2550000 11.75 0.109375
2600000 12.88888888888889 0.125
2650000 13.055555555555555 0.125
2700000 13.055555555555555 0.109375
2750000 12.805555555555555 0.109375
2800000 13.027777777777779 0.109375
2850000 13.055555555555555 0.109375
2900000 12.944444444444445 1.1875
2950000 12.86111111111111 0.109375
3000000 13.027777777777779 0.109375
