50000 0.1111111111111111 0.046875
100000 2.5277777777777777 0.875
150000 3.75 1.125
200000 2.0 1.0
250000 1.1388888888888888 1.125
300000 1.3055555555555556 1.0
350000 1.8611111111111112 0.75
400000 2.5833333333333335 1.0
450000 3.9444444444444446 1.25
500000 4.972222222222222 1.25
550000 5.055555555555555 1.5
600000 5.611111111111111 0.953125
650000 6.0 1.25
700000 6.25 1.125
750000 5.583333333333333 1.515625
800000 6.611111111111111 1.25
850000 6.916666666666667 1.25
900000 6.277777777777778 1.25
950000 6.527777777777778 1.375
1000000 6.25 1.4375
1050000 6.305555555555555 1.375
1100000 6.388888888888889 1.25
1150000 6.388888888888889 1.375
1200000 7.277777777777778 1.359375
1250000 7.5 1.15625
1300000 7.194444444444445 1.25
1350000 7.527777777777778 1.25
1400000 7.527777777777778 1.25
1450000 8.055555555555555 1.375
1500000 7.944444444444445 1.625
1550000 7.444444444444445 1.25
1600000 7.805555555555555 1.21875
1650000 7.777777777777778 1.578125
1700000 7.277777777777778 1.625
1750000 7.194444444444445 1.515625
1800000 7.527777777777778 1.375
1850000 7.0 0.90625
1900000 7.694444444444445 1.125
1950000 7.916666666666667 1.25
2000000 7.861111111111111 1.25
2050000 7.75 1.5
2100000 7.611111111111111 0.875
2150000 7.694444444444445 1.25
2200000 8.25 1.25
2250000 8.277777777777779 1.0
2300000 8.0 1.25
2350000 8.36111111111111 1.515625
2400000 8.277777777777779 1.25
2450000 8.444444444444445 1.0
2500000 8.38888888888889 1.21875
2550000 8.083333333333334 1.125
2600000 8.527777777777779 1.25
2650000 8.166666666666666 1.25
2700000 8.277777777777779 1.53125
2750000 8.555555555555555 1.515625
2800000 8.444444444444445 1.203125
2850000 7.916666666666667 1.25
2900000 8.527777777777779 1.25
2950000 8.472222222222221 1.25
3000000 8.527777777777779 1.375
