50000 0.2222222222222222 0.046875
100000 2.0277777777777777 1.0
150000 3.138888888888889 1.25
200000 1.1111111111111112 1.0
250000 1.0 1.125
300000 1.5555555555555556 0.75
350000 1.75 1.125
400000 2.861111111111111 0.875
450000 4.444444444444445 1.28125
500000 4.333333333333333 1.53125
550000 4.833333333333333 1.515625
600000 5.5 1.109375
650000 5.944444444444445 0.9375
700000 6.388888888888889 1.125
750000 6.666666666666667 1.25
800000 6.972222222222222 0.875
850000 6.333333333333333 1.25
900000 6.777777777777778 1.21875
950000 7.083333333333333 1.515625
1000000 7.444444444444445 1.375
1050000 7.583333333333333 1.25
1100000 7.333333333333333 1.625
1150000 7.472222222222222 1.0
1200000 7.583333333333333 1.25
1250000 7.277777777777778 1.640625
1300000 7.916666666666667 1.21875
1350000 7.916666666666667 1.375
1400000 7.694444444444445 1.328125
1450000 7.583333333333333 1.25
1500000 8.055555555555555 1.25
1550000 7.861111111111111 1.25
1600000 7.972222222222222 1.25
1650000 7.944444444444445 1.625
1700000 8.11111111111111 1.375
1750000 8.055555555555555 1.25
1800000 8.527777777777779 1.25
1850000 8.666666666666666 1.25
1900000 8.13888888888889 1.375
1950000 8.833333333333334 1.25
2000000 8.222222222222221 0.875
2050000 8.36111111111111 1.25
2100000 8.472222222222221 1.59375
2150000 8.75 1.125
2200000 8.38888888888889 1.5
2250000 8.86111111111111 1.625
2300000 8.666666666666666 1.25
2350000 8.75 1.546875
2400000 8.972222222222221 1.25
2450000 8.527777777777779 1.25
2500000 8.11111111111111 1.234375
2550000 8.305555555555555 0.875
2600000 8.444444444444445 0.875
2650000 8.13888888888889 1.125
2700000 8.5 1.5
2750000 9.0 1.515625
2800000 8.86111111111111 1.375
2850000 8.583333333333334 1.125
2900000 8.416666666666666 1.234375
2950000 8.222222222222221 0.875
3000000 8.694444444444445 1.4375
