50000 9.777777777777779 0.15625
100000 10.833333333333334 0.171875
150000 11.027777777777779 0.140625
200000 11.027777777777779 0.171875
250000 11.0 0.28125
300000 11.027777777777779 0.171875
350000 11.027777777777779 0.171875
400000 11.027777777777779 0.125
450000 11.027777777777779 0.171875
500000 11.027777777777779 0.140625
550000 11.027777777777779 0.234375
600000 11.0 0.171875
650000 11.0 0.25
700000 11.555555555555555 0.171875
750000 11.88888888888889 0.171875
800000 12.38888888888889 0.1875
850000 12.333333333333334 0.734375
900000 12.472222222222221 0.125
950000 11.944444444444445 0.125
1000000 12.5 0.171875
1050000 12.416666666666666 0.234375
1100000 12.5 0.171875
1150000 12.5 0.1875
1200000 12.5 0.125
1250000 12.416666666666666 0.171875
1300000 12.38888888888889 0.125
1350000 12.277777777777779 0.234375
1400000 12.472222222222221 0.203125
1450000 12.472222222222221 1.4375
1500000 12.36111111111111 0.234375
1550000 12.5 0.171875
1600000 12.5 0.171875
1650000 12.5 0.125
1700000 12.5 0.296875
1750000 12.5 0.171875
1800000 12.472222222222221 0.171875
1850000 12.416666666666666 0.234375
1900000 12.5 0.234375
1950000 11.527777777777779 0.1875
2000000 12.25 0.140625
2050000 12.38888888888889 0.171875
2100000 12.472222222222221 0.171875
2150000 12.472222222222221 0.1875
2200000 12.444444444444445 0.171875
2250000 12.277777777777779 0.171875
2300000 12.36111111111111 0.703125
2350000 12.36111111111111 0.15625
2400000 12.305555555555555 0.234375
2450000 12.5 0.171875
2500000 12.166666666666666 0.171875
2550000 12.38888888888889 0.25
2600000 12.194444444444445 0.171875
2650000 12.472222222222221 0.125
2700000 12.416666666666666 0.125
2750000 12.472222222222221 0.234375
2800000 12.944444444444445 0.1875
2850000 12.944444444444445 0.140625
2900000 12.86111111111111 1.28125
2950000 12.61111111111111 0.125
3000000 12.86111111111111 0.234375
