50000 0.1388888888888889 0.03125
100000 3.7222222222222223 0.875
150000 4.138888888888889 0.875
200000 2.9444444444444446 1.125
250000 0.8888888888888888 1.171875
300000 0.8888888888888888 1.0
350000 1.1666666666666667 0.75
400000 2.1944444444444446 0.796875
450000 3.5555555555555554 1.5
500000 6.305555555555555 1.609375
550000 5.888888888888889 1.25
600000 6.388888888888889 1.25
650000 6.25 1.125
700000 6.583333333333333 1.25
750000 6.833333333333333 1.203125
800000 7.083333333333333 1.625
850000 6.888888888888889 1.125
900000 6.75 1.5
950000 7.555555555555555 1.25
1000000 8.083333333333334 1.25
1050000 7.388888888888889 0.875
1100000 7.527777777777778 1.25
1150000 7.888888888888889 1.609375
1200000 8.25 1.515625
1250000 7.222222222222222 1.25
1300000 6.944444444444445 1.5
1350000 7.111111111111111 1.25
1400000 7.166666666666667 1.125
1450000 7.444444444444445 1.515625
1500000 7.194444444444445 1.234375
1550000 7.944444444444445 1.25
1600000 7.805555555555555 1.640625
1650000 7.666666666666667 1.25
1700000 7.888888888888889 0.875
1750000 8.055555555555555 1.15625
1800000 8.027777777777779 0.875
1850000 7.638888888888889 1.125
1900000 7.972222222222222 1.25
1950000 7.722222222222222 0.875
2000000 7.944444444444445 1.28125
2050000 7.916666666666667 1.5
2100000 7.722222222222222 1.125
2150000 7.555555555555555 1.25
2200000 7.555555555555555 1.140625
2250000 7.833333333333333 1.515625
2300000 8.194444444444445 1.125
2350000 7.888888888888889 1.515625
2400000 7.361111111111111 1.5
2450000 8.333333333333334 1.125
2500000 8.555555555555555 1.25
2550000 8.583333333333334 1.25
2600000 8.63888888888889 1.640625
2650000 8.777777777777779 1.25
2700000 8.61111111111111 1.125
2750000 8.38888888888889 1.25
2800000 8.055555555555555 1.234375
2850000 8.277777777777779 1.25
2900000 8.63888888888889 1.25
2950000 8.472222222222221 1.25
3000000 9.027777777777779 0.875
