50000 9.666666666666666 0.171875
100000 10.722222222222221 0.171875
150000 10.944444444444445 0.171875
200000 10.972222222222221 0.171875
250000 10.916666666666666 0.390625
300000 11.0 0.125
350000 10.444444444444445 0.171875
400000 10.694444444444445 0.125
450000 10.86111111111111 0.171875
500000 10.944444444444445 0.1875
550000 10.944444444444445 0.171875
600000 10.86111111111111 0.234375
650000 11.0 0.234375
700000 10.944444444444445 0.203125
750000 10.916666666666666 0.140625
800000 10.333333333333334 0.171875
850000 10.444444444444445 0.84375
900000 10.666666666666666 0.171875
950000 10.972222222222221 0.171875
1000000 10.86111111111111 0.234375
1050000 10.777777777777779 0.1875
1100000 11.13888888888889 0.15625
1150000 11.36111111111111 0.171875
1200000 11.38888888888889 0.125
1250000 11.61111111111111 0.171875
1300000 11.61111111111111 0.140625
1350000 11.61111111111111 0.234375
1400000 11.555555555555555 0.171875
1450000 11.5 1.484375
1500000 11.61111111111111 0.171875
1550000 11.61111111111111 0.171875
1600000 11.61111111111111 0.171875
1650000 11.583333333333334 0.234375
1700000 11.61111111111111 0.328125
1750000 11.527777777777779 0.125
1800000 11.416666666666666 0.125
1850000 11.61111111111111 0.234375
1900000 11.61111111111111 0.1875
1950000 11.61111111111111 0.234375
2000000 11.61111111111111 0.234375
2050000 11.61111111111111 0.171875
2100000 11.583333333333334 0.171875
2150000 11.61111111111111 0.171875
2200000 11.61111111111111 0.1875
2250000 11.61111111111111 0.125
2300000 11.61111111111111 0.859375
2350000 10.916666666666666 0.171875
2400000 11.444444444444445 0.234375
2450000 11.583333333333334 0.21875
2500000 11.555555555555555 0.15625
2550000 10.777777777777779 0.171875
2600000 11.527777777777779 0.1875
2650000 11.61111111111111 0.1875
2700000 11.555555555555555 0.171875
2750000 11.555555555555555 0.171875
2800000 11.444444444444445 0.234375
2850000 11.555555555555555 0.125
2900000 11.527777777777779 1.375
2950000 11.333333333333334 0.125
3000000 11.555555555555555 0.171875
