50000 7.388888888888889 0.125
100000 10.75 0.109375
150000 10.944444444444445 0.109375
200000 10.61111111111111 0.125
250000 10.75 0.5625
300000 12.055555555555555 0.125
350000 12.13888888888889 0.109375
400000 12.222222222222221 0.109375
450000 12.083333333333334 0.109375
500000 12.13888888888889 0.109375
550000 10.75 0.109375
600000 12.222222222222221 0.109375
650000 11.11111111111111 0.109375
700000 12.11111111111111 0.109375
750000 12.222222222222221 0.109375
800000 12.222222222222221 0.109375
850000 12.222222222222221 0.984375
900000 12.11111111111111 0.109375
950000 12.305555555555555 0.109375
1000000 12.194444444444445 0.109375
1050000 11.083333333333334 0.109375
1100000 12.305555555555555 0.109375
1150000 12.305555555555555 0.109375
1200000 12.194444444444445 0.109375
1250000 11.694444444444445 0.125
1300000 12.305555555555555 0.109375
1350000 12.222222222222221 0.109375
1400000 12.194444444444445 0.109375
1450000 11.472222222222221 1.25
1500000 12.305555555555555 0.109375
1550000 12.305555555555555 0.109375
1600000 12.305555555555555 0.109375
1650000 12.305555555555555 0.109375
1700000 12.13888888888889 0.453125
1750000 12.277777777777779 0.109375
1800000 12.305555555555555 0.109375
1850000 11.972222222222221 0.109375
1900000 12.194444444444445 0.109375
1950000 12.194444444444445 0.109375
2000000 12.333333333333334 0.109375
2050000 12.333333333333334 0.109375
2100000 12.277777777777779 0.109375
2150000 12.277777777777779 0.109375
2200000 12.333333333333334 0.109375
2250000 12.333333333333334 0.109375
2300000 12.333333333333334 0.90625
2350000 12.333333333333334 0.109375
2400000 12.333333333333334 0.109375
2450000 11.666666666666666 0.109375
2500000 12.333333333333334 0.109375
2550000 12.222222222222221 0.109375
2600000 12.277777777777779 0.109375
2650000 12.277777777777779 0.109375
2700000 12.36111111111111 0.109375
2750000 12.36111111111111 0.109375
2800000 12.305555555555555 0.109375
2850000 12.083333333333334 0.109375
2900000 12.222222222222221 1.125
2950000 12.277777777777779 0.109375
3000000 12.333333333333334 0.109375
