50000 0.1388888888888889 0.046875
100000 3.2222222222222223 1.125
150000 2.4166666666666665 0.875
200000 2.3055555555555554 1.0
250000 0.9444444444444444 1.25
300000 1.2777777777777777 1.125
350000 1.0277777777777777 1.140625
400000 2.2777777777777777 0.75
450000 3.611111111111111 1.125
500000 3.5277777777777777 1.25
550000 5.583333333333333 0.875
600000 4.972222222222222 1.25
650000 4.861111111111111 1.5
700000 5.194444444444445 1.109375
750000 5.222222222222222 0.875
800000 5.194444444444445 1.578125
850000 5.0 1.640625
900000 4.944444444444445 0.859375
950000 5.055555555555555 1.203125
1000000 5.333333333333333 1.515625
1050000 5.138888888888889 1.515625
1100000 5.694444444444445 1.515625
1150000 5.638888888888889 1.25
1200000 5.777777777777778 1.25
1250000 6.138888888888889 1.25
1300000 7.027777777777778 1.25
1350000 7.222222222222222 1.515625
1400000 7.277777777777778 0.875
1450000 7.083333333333333 1.25
1500000 6.805555555555555 1.25
1550000 6.361111111111111 1.375
1600000 6.666666666666667 1.5
1650000 6.777777777777778 1.546875
1700000 6.916666666666667 1.25
1750000 6.833333333333333 1.125
1800000 7.361111111111111 1.625
1850000 7.333333333333333 1.0
1900000 7.027777777777778 1.125
1950000 7.5 1.625
2000000 7.666666666666667 1.203125
2050000 7.694444444444445 1.25
2100000 7.75 0.875
2150000 7.194444444444445 1.25
2200000 7.194444444444445 1.15625
2250000 7.444444444444445 1.5
2300000 7.694444444444445 1.25
2350000 7.611111111111111 1.265625
2400000 7.527777777777778 1.25
2450000 7.833333333333333 1.625
2500000 7.944444444444445 1.25
2550000 7.638888888888889 1.625
2600000 7.972222222222222 1.515625
2650000 7.666666666666667 1.25
2700000 7.694444444444445 1.25
2750000 7.888888888888889 1.625
2800000 7.555555555555555 1.234375
2850000 7.638888888888889 1.25
2900000 8.11111111111111 1.515625
2950000 7.75 1.625
3000000 8.222222222222221 1.25
