50000 9.11111111111111 0.171875
100000 10.63888888888889 0.171875
150000 11.38888888888889 0.171875
200000 11.416666666666666 0.234375
250000 11.416666666666666 0.171875
300000 11.444444444444445 0.171875
350000 11.472222222222221 0.234375
400000 11.472222222222221 0.125
450000 11.277777777777779 0.234375
500000 11.5 0.171875
550000 11.36111111111111 0.140625
600000 11.472222222222221 0.21875
650000 11.0 0.234375
700000 11.444444444444445 0.125
750000 11.11111111111111 0.203125
800000 11.472222222222221 0.1875
850000 11.472222222222221 0.75
900000 11.472222222222221 0.125
950000 11.194444444444445 0.171875
1000000 11.472222222222221 0.140625
1050000 11.472222222222221 0.171875
1100000 11.472222222222221 0.1875
1150000 11.472222222222221 0.171875
1200000 11.444444444444445 0.171875
1250000 11.472222222222221 0.140625
1300000 11.472222222222221 0.125
1350000 11.472222222222221 0.171875
1400000 11.444444444444445 0.1875
1450000 11.5 1.390625
1500000 11.527777777777779 0.203125
1550000 11.472222222222221 0.125
1600000 10.972222222222221 0.140625
1650000 11.527777777777779 0.1875
1700000 11.416666666666666 0.34375
1750000 11.0 0.171875
1800000 12.38888888888889 0.171875
1850000 12.11111111111111 0.15625
1900000 12.5 0.171875
1950000 12.416666666666666 0.21875
2000000 12.805555555555555 0.234375
2050000 12.805555555555555 0.1875
2100000 12.833333333333334 0.171875
2150000 12.777777777777779 0.171875
2200000 12.11111111111111 0.234375
2250000 12.027777777777779 0.171875
2300000 12.722222222222221 0.609375
2350000 12.75 0.140625
2400000 12.833333333333334 0.171875
2450000 12.833333333333334 0.171875
2500000 12.666666666666666 0.125
2550000 12.833333333333334 0.25
2600000 12.833333333333334 0.234375
2650000 12.833333333333334 0.21875
2700000 12.777777777777779 0.140625
2750000 12.833333333333334 0.171875
2800000 12.222222222222221 0.125
2850000 12.75 0.171875
2900000 12.833333333333334 1.28125
2950000 12.777777777777779 0.1875
3000000 12.833333333333334 0.125
