50000 0.1388888888888889 0.078125
100000 3.0 1.0
150000 3.9722222222222223 1.515625
200000 2.0 1.5
250000 1.5277777777777777 0.828125
300000 1.5833333333333333 1.375
350000 1.4166666666666667 1.0625
400000 2.0 1.109375
450000 2.611111111111111 1.125
500000 3.9444444444444446 1.625
550000 5.527777777777778 1.25
600000 4.944444444444445 1.625
650000 5.611111111111111 1.5
700000 5.722222222222222 1.375
750000 4.833333333333333 1.0
800000 5.416666666666667 1.25
850000 5.222222222222222 1.625
900000 4.527777777777778 1.640625
950000 4.666666666666667 1.25
1000000 5.166666666666667 1.515625
1050000 5.222222222222222 1.625
1100000 5.222222222222222 1.25
1150000 5.777777777777778 1.515625
1200000 5.861111111111111 1.25
1250000 5.694444444444445 1.25
1300000 5.75 1.28125
1350000 6.055555555555555 1.21875
1400000 6.361111111111111 1.25
1450000 5.777777777777778 1.359375
1500000 6.194444444444445 1.515625
1550000 6.055555555555555 1.25
1600000 6.277777777777778 1.5625
1650000 6.638888888888889 1.640625
1700000 6.472222222222222 1.515625
1750000 6.722222222222222 1.625
1800000 7.527777777777778 1.515625
1850000 7.111111111111111 1.34375
1900000 6.75 0.875
1950000 7.111111111111111 1.578125
2000000 7.138888888888889 1.375
2050000 7.194444444444445 1.125
2100000 7.194444444444445 1.5
2150000 7.75 1.25
2200000 7.416666666666667 1.25
2250000 7.694444444444445 1.25
2300000 7.166666666666667 1.25
2350000 6.5 1.5
2400000 7.0 1.25
2450000 7.166666666666667 1.25
2500000 7.694444444444445 1.515625
2550000 7.444444444444445 1.640625
2600000 7.527777777777778 1.25
2650000 7.555555555555555 1.5
2700000 7.444444444444445 1.25
2750000 7.5 1.25
2800000 7.222222222222222 1.265625
2850000 7.333333333333333 0.890625
2900000 7.472222222222222 1.21875
2950000 7.611111111111111 1.640625
3000000 7.5 1.640625
