50000 0.1111111111111111 0.046875
100000 2.9444444444444446 1.125
150000 4.388888888888889 1.3125
200000 1.6111111111111112 0.875
250000 1.5833333333333333 1.171875
300000 1.6388888888888888 1.125
350000 1.2777777777777777 1.609375
400000 1.6111111111111112 1.5
450000 3.6666666666666665 1.125
500000 5.666666666666667 0.890625
550000 6.805555555555555 1.125
600000 6.888888888888889 1.25
650000 6.472222222222222 1.25
700000 5.25 1.125
750000 5.833333333333333 1.265625
800000 5.416666666666667 1.0
850000 5.583333333333333 1.296875
900000 5.972222222222222 1.640625
950000 5.888888888888889 1.515625
1000000 6.75 1.1875
1050000 6.583333333333333 1.0
1100000 6.777777777777778 1.0
1150000 7.222222222222222 1.375
1200000 7.583333333333333 1.515625
1250000 7.361111111111111 1.375
1300000 7.472222222222222 1.515625
1350000 7.583333333333333 1.484375
1400000 7.166666666666667 1.375
1450000 7.472222222222222 0.875
1500000 7.888888888888889 0.875
1550000 7.777777777777778 1.625
1600000 7.305555555555555 1.25
1650000 7.472222222222222 1.640625
1700000 7.944444444444445 1.640625
1750000 7.722222222222222 1.375
1800000 8.083333333333334 0.875
1850000 8.277777777777779 0.875
1900000 8.333333333333334 1.515625
1950000 8.13888888888889 1.515625
2000000 7.888888888888889 1.21875
2050000 7.361111111111111 0.953125
2100000 7.25 1.5
2150000 7.222222222222222 1.5
2200000 6.583333333333333 0.875
2250000 7.555555555555555 1.625
2300000 8.027777777777779 1.640625
2350000 7.722222222222222 1.125
2400000 8.11111111111111 1.359375
2450000 8.0 1.25
2500000 8.166666666666666 0.875
2550000 8.083333333333334 1.09375
2600000 7.944444444444445 1.25
2650000 7.777777777777778 1.25
2700000 8.055555555555555 1.5
2750000 8.277777777777779 1.515625
2800000 8.11111111111111 1.25
2850000 8.305555555555555 1.25
2900000 7.805555555555555 1.546875
2950000 8.333333333333334 1.640625
3000000 8.25 1.125
