50000 10.5 0.140625
100000 10.75 0.125
150000 10.833333333333334 0.21875
200000 10.75 0.234375
250000 10.86111111111111 0.4375
300000 10.88888888888889 0.171875
350000 10.722222222222221 0.171875
400000 10.61111111111111 0.125
450000 10.88888888888889 0.203125
500000 10.972222222222221 0.15625
550000 10.972222222222221 0.125
600000 11.277777777777779 0.109375
650000 11.305555555555555 0.125
700000 11.305555555555555 0.203125
750000 11.333333333333334 0.125
800000 11.333333333333334 0.125
850000 11.25 0.953125
900000 11.333333333333334 0.171875
950000 11.305555555555555 0.171875
1000000 11.333333333333334 0.234375
1050000 11.333333333333334 0.125
1100000 11.38888888888889 0.171875
1150000 11.38888888888889 0.171875
1200000 11.38888888888889 0.171875
1250000 11.38888888888889 0.171875
1300000 11.38888888888889 0.234375
1350000 11.38888888888889 0.171875
1400000 11.38888888888889 0.171875
1450000 11.25 1.515625
1500000 11.38888888888889 0.234375
1550000 11.38888888888889 0.171875
1600000 11.38888888888889 0.171875
1650000 11.333333333333334 0.171875
1700000 11.027777777777779 0.171875
1750000 11.38888888888889 0.171875
1800000 11.166666666666666 0.125
1850000 11.38888888888889 0.125
1900000 11.38888888888889 0.171875
1950000 10.972222222222221 0.15625
2000000 11.38888888888889 0.171875
2050000 11.38888888888889 0.171875
2100000 11.416666666666666 0.125
2150000 11.333333333333334 0.234375
2200000 11.38888888888889 0.171875
2250000 11.416666666666666 0.140625
2300000 11.194444444444445 0.703125
2350000 11.63888888888889 0.171875
2400000 11.527777777777779 0.1875
2450000 11.833333333333334 0.171875
2500000 11.805555555555555 0.171875
2550000 11.777777777777779 0.171875
2600000 11.38888888888889 0.203125
2650000 11.833333333333334 0.125
2700000 11.694444444444445 0.21875
2750000 11.833333333333334 0.171875
2800000 11.833333333333334 0.171875
2850000 11.75 0.21875
2900000 11.777777777777779 1.296875
2950000 11.805555555555555 0.171875
3000000 11.86111111111111 0.109375
