50000 10.36111111111111 0.171875
100000 10.86111111111111 0.25
150000 11.11111111111111 0.234375
200000 11.13888888888889 0.171875
250000 11.11111111111111 0.390625
300000 11.11111111111111 0.234375
350000 10.805555555555555 0.140625
400000 11.13888888888889 0.171875
450000 11.13888888888889 0.125
500000 11.13888888888889 0.140625
550000 11.166666666666666 0.203125
600000 11.13888888888889 0.234375
650000 11.13888888888889 0.171875
700000 11.166666666666666 0.140625
750000 11.13888888888889 0.203125
800000 11.13888888888889 0.203125
850000 11.11111111111111 0.90625
900000 10.777777777777779 0.125
950000 10.444444444444445 0.15625
1000000 11.305555555555555 0.234375
1050000 11.305555555555555 0.125
1100000 11.277777777777779 0.140625
1150000 11.333333333333334 0.140625
1200000 11.36111111111111 0.1875
1250000 11.36111111111111 0.234375
1300000 10.777777777777779 0.171875
1350000 11.333333333333334 0.171875
1400000 11.305555555555555 0.21875
1450000 11.13888888888889 1.375
1500000 11.36111111111111 0.1875
1550000 11.36111111111111 0.1875
1600000 11.36111111111111 0.25
1650000 11.36111111111111 0.171875
1700000 11.36111111111111 0.28125
1750000 11.416666666666666 0.140625
1800000 11.36111111111111 0.21875
1850000 11.36111111111111 0.15625
1900000 11.416666666666666 0.125
1950000 11.416666666666666 0.171875
2000000 11.36111111111111 0.171875
2050000 11.166666666666666 0.234375
2100000 11.36111111111111 0.171875
2150000 11.38888888888889 0.171875
2200000 11.027777777777779 0.140625
2250000 11.86111111111111 0.171875
2300000 12.083333333333334 0.859375
2350000 12.083333333333334 0.25
2400000 12.083333333333334 0.234375
2450000 11.972222222222221 0.234375
2500000 12.11111111111111 0.171875
2550000 12.11111111111111 0.21875
2600000 11.472222222222221 0.140625
2650000 12.055555555555555 0.171875
2700000 12.055555555555555 0.25
2750000 12.11111111111111 0.140625
2800000 11.86111111111111 0.234375
2850000 12.083333333333334 0.171875
2900000 12.055555555555555 1.390625
2950000 12.055555555555555 0.140625
3000000 12.027777777777779 0.171875
