50000 10.11111111111111 0.171875
100000 11.0 0.171875
150000 11.11111111111111 0.171875
200000 11.36111111111111 0.171875
250000 11.38888888888889 0.28125
300000 11.444444444444445 0.171875
350000 11.38888888888889 0.171875
400000 11.444444444444445 0.171875
450000 11.444444444444445 0.1875
500000 11.444444444444445 0.25
550000 11.444444444444445 0.21875
600000 12.13888888888889 0.234375
650000 12.444444444444445 0.1875
700000 12.472222222222221 0.171875
750000 12.472222222222221 0.125
800000 12.13888888888889 0.140625
850000 12.13888888888889 0.9375
900000 12.555555555555555 0.140625
950000 12.444444444444445 0.1875
1000000 12.25 0.140625
1050000 12.527777777777779 0.125
1100000 12.555555555555555 0.234375
1150000 12.555555555555555 0.234375
1200000 12.472222222222221 0.171875
1250000 12.5 0.1875
1300000 12.527777777777779 0.171875
1350000 12.527777777777779 0.125
1400000 12.555555555555555 0.125
1450000 12.555555555555555 1.5
1500000 12.555555555555555 0.1875
1550000 12.416666666666666 0.21875
1600000 12.555555555555555 0.171875
1650000 12.444444444444445 0.125
1700000 12.416666666666666 0.265625
1750000 12.555555555555555 0.25
1800000 12.38888888888889 0.1875
1850000 12.5 0.125
1900000 12.555555555555555 0.125
1950000 12.11111111111111 0.109375
2000000 12.472222222222221 0.109375
2050000 12.416666666666666 0.109375
2100000 12.555555555555555 0.109375
2150000 12.583333333333334 0.109375
2200000 12.472222222222221 0.109375
2250000 12.305555555555555 0.109375
2300000 12.166666666666666 0.921875
2350000 12.555555555555555 0.109375
2400000 12.583333333333334 0.125
2450000 12.583333333333334 0.109375
2500000 12.472222222222221 0.109375
2550000 12.472222222222221 0.109375
2600000 12.527777777777779 0.109375
2650000 12.472222222222221 0.109375
2700000 12.583333333333334 0.109375
2750000 12.305555555555555 0.125
2800000 12.472222222222221 0.109375
2850000 12.583333333333334 0.125
2900000 12.472222222222221 1.125
2950000 12.583333333333334 0.109375
3000000 12.583333333333334 0.109375
