50000 0.1111111111111111 0.046875
100000 3.5833333333333335 0.8125
150000 4.222222222222222 1.25
200000 2.361111111111111 1.0
250000 1.1388888888888888 1.375
300000 1.75 1.125
350000 1.1666666666666667 1.5
400000 1.9166666666666667 0.875
450000 3.1944444444444446 1.25
500000 4.166666666666667 1.125
550000 4.611111111111111 1.125
600000 4.888888888888889 1.125
650000 5.277777777777778 1.25
700000 5.416666666666667 1.25
750000 4.972222222222222 1.25
800000 5.361111111111111 1.140625
850000 5.277777777777778 1.5
900000 5.888888888888889 1.25
950000 5.222222222222222 0.875
1000000 5.611111111111111 1.25
1050000 5.944444444444445 0.875
1100000 5.777777777777778 1.25
1150000 6.444444444444445 1.125
1200000 6.555555555555555 1.25
1250000 6.472222222222222 1.25
1300000 6.555555555555555 1.125
1350000 7.083333333333333 0.96875
1400000 7.111111111111111 1.515625
1450000 6.972222222222222 1.25
1500000 6.861111111111111 0.875
1550000 6.527777777777778 1.515625
1600000 7.277777777777778 1.0
1650000 7.305555555555555 1.515625
1700000 6.555555555555555 1.125
1750000 7.166666666666667 0.875
1800000 7.055555555555555 1.25
1850000 7.25 1.21875
1900000 7.027777777777778 1.0625
1950000 7.222222222222222 1.25
2000000 7.472222222222222 0.875
2050000 7.722222222222222 1.25
2100000 7.583333333333333 1.375
2150000 7.611111111111111 1.15625
2200000 7.944444444444445 1.625
2250000 7.722222222222222 1.640625
2300000 8.25 1.328125
2350000 8.36111111111111 1.625
2400000 8.61111111111111 1.25
2450000 8.61111111111111 1.1875
2500000 8.5 1.25
2550000 8.805555555555555 1.125
2600000 8.805555555555555 1.25
2650000 8.305555555555555 0.90625
2700000 8.305555555555555 1.109375
2750000 8.527777777777779 0.875
2800000 8.583333333333334 1.171875
2850000 8.972222222222221 1.3125
2900000 9.194444444444445 1.125
2950000 8.61111111111111 1.5
3000000 8.61111111111111 1.25
