50000 0.1388888888888889 0.0625
100000 1.8333333333333333 1.125
150000 3.8333333333333335 1.5
200000 2.0833333333333335 0.75
250000 1.1388888888888888 1.0
300000 1.4722222222222223 1.5
350000 1.4166666666666667 1.25
400000 1.5277777777777777 1.0
450000 2.888888888888889 1.125
500000 4.583333333333333 1.640625
550000 6.861111111111111 1.171875
600000 6.416666666666667 1.25
650000 5.888888888888889 1.203125
700000 6.833333333333333 1.25
750000 7.666666666666667 1.25
800000 8.027777777777779 1.5
850000 7.083333333333333 1.25
900000 6.555555555555555 1.625
950000 7.083333333333333 1.25
1000000 6.111111111111111 0.875
1050000 6.638888888888889 1.125
1100000 6.361111111111111 1.5
1150000 5.666666666666667 1.25
1200000 6.166666666666667 1.125
1250000 6.166666666666667 1.25
1300000 6.666666666666667 1.25
1350000 7.638888888888889 1.140625
1400000 7.25 1.25
1450000 7.611111111111111 1.25
1500000 7.555555555555555 1.234375
1550000 7.694444444444445 0.984375
1600000 7.75 1.375
1650000 8.555555555555555 1.234375
1700000 8.166666666666666 1.515625
1750000 8.166666666666666 1.25
1800000 8.61111111111111 0.875
1850000 8.555555555555555 1.515625
1900000 8.194444444444445 1.359375
1950000 7.944444444444445 1.25
2000000 8.194444444444445 1.3125
2050000 8.277777777777779 1.125
2100000 8.61111111111111 1.125
2150000 8.527777777777779 1.25
2200000 8.722222222222221 1.515625
2250000 8.444444444444445 1.25
2300000 8.61111111111111 1.125
2350000 8.805555555555555 1.578125
2400000 7.805555555555555 1.125
2450000 9.222222222222221 1.0
2500000 9.0 0.984375
2550000 8.63888888888889 1.46875
2600000 9.055555555555555 0.90625
2650000 8.694444444444445 1.625
2700000 9.166666666666666 1.625
2750000 8.88888888888889 1.25
2800000 9.38888888888889 1.140625
2850000 9.583333333333334 1.515625
2900000 9.333333333333334 1.25
2950000 9.722222222222221 1.15625
3000000 9.61111111111111 1.5
