50000 0.1111111111111111 0.03125
100000 4.638888888888889 1.0
150000 3.25 0.953125
200000 1.6666666666666667 1.125
250000 1.3333333333333333 1.125
300000 1.2222222222222223 1.125
350000 1.1944444444444444 1.109375
400000 2.3333333333333335 0.875
450000 4.861111111111111 1.125
500000 6.083333333333333 1.25
550000 5.916666666666667 1.1875
600000 4.861111111111111 1.5625
650000 5.888888888888889 1.203125
700000 5.194444444444445 1.125
750000 6.222222222222222 1.25
800000 6.777777777777778 1.375
850000 6.111111111111111 1.515625
900000 6.027777777777778 0.875
950000 6.055555555555555 1.25
1000000 6.194444444444445 1.25
1050000 7.111111111111111 1.265625
1100000 6.722222222222222 1.640625
1150000 7.194444444444445 1.21875
1200000 7.583333333333333 1.640625
1250000 7.361111111111111 1.359375
1300000 7.25 1.0
1350000 6.833333333333333 1.375
1400000 6.972222222222222 1.125
1450000 7.527777777777778 0.875
1500000 7.472222222222222 1.140625
1550000 8.027777777777779 1.25
1600000 8.0 1.125
1650000 7.75 1.25
1700000 8.722222222222221 1.25
1750000 8.86111111111111 1.203125
1800000 7.944444444444445 0.875
1850000 7.333333333333333 1.28125
1900000 7.472222222222222 1.171875
1950000 8.0 1.390625
2000000 8.472222222222221 1.625
2050000 8.694444444444445 0.875
2100000 8.5 1.25
2150000 8.444444444444445 1.25
2200000 8.444444444444445 1.25
2250000 7.805555555555555 1.640625
2300000 8.38888888888889 1.125
2350000 8.305555555555555 1.484375
2400000 8.416666666666666 1.625
2450000 8.694444444444445 1.640625
2500000 9.11111111111111 1.640625
2550000 8.666666666666666 1.234375
2600000 8.555555555555555 1.640625
2650000 8.944444444444445 1.125
2700000 8.777777777777779 1.25
2750000 8.63888888888889 1.40625
2800000 9.13888888888889 0.875
2850000 8.805555555555555 1.34375
2900000 8.916666666666666 1.125
2950000 8.63888888888889 1.25
3000000 8.88888888888889 1.640625
