50000 0.3333333333333333 0.078125
100000 5.111111111111111 1.5
150000 4.5 0.75
200000 2.3055555555555554 1.0
250000 1.4166666666666667 0.75
300000 1.2222222222222223 1.125
350000 1.25 1.0
400000 2.6944444444444446 1.125
450000 4.916666666666667 1.25
500000 4.638888888888889 1.5
550000 4.833333333333333 1.203125
600000 5.416666666666667 1.25
650000 6.416666666666667 1.25
700000 7.527777777777778 1.25
750000 6.833333333333333 0.875
800000 6.833333333333333 1.25
850000 6.722222222222222 1.625
900000 6.361111111111111 1.5
950000 5.944444444444445 1.25
1000000 5.722222222222222 1.40625
1050000 6.25 0.875
1100000 6.5 1.25
1150000 5.333333333333333 1.375
1200000 6.027777777777778 1.25
1250000 7.166666666666667 1.375
1300000 7.527777777777778 1.25
1350000 7.694444444444445 1.25
1400000 7.916666666666667 1.21875
1450000 7.861111111111111 1.25
1500000 7.361111111111111 1.25
1550000 8.472222222222221 1.25
1600000 7.611111111111111 1.359375
1650000 8.083333333333334 1.125
1700000 7.305555555555555 1.078125
1750000 8.166666666666666 1.25
1800000 7.916666666666667 1.25
1850000 7.777777777777778 1.25
1900000 7.666666666666667 1.25
1950000 7.972222222222222 1.25
2000000 7.944444444444445 1.25
2050000 8.027777777777779 1.515625
2100000 8.027777777777779 1.265625
2150000 8.083333333333334 1.125
2200000 8.583333333333334 1.25
2250000 8.11111111111111 1.0
2300000 7.861111111111111 1.640625
2350000 8.583333333333334 1.125
2400000 8.0 0.9375
2450000 8.11111111111111 1.5
2500000 8.25 1.375
2550000 8.277777777777779 1.21875
2600000 8.25 1.515625
2650000 8.333333333333334 1.625
2700000 8.666666666666666 1.25
2750000 8.666666666666666 0.875
2800000 8.722222222222221 1.296875
2850000 9.11111111111111 1.15625
2900000 9.055555555555555 1.515625
2950000 9.13888888888889 1.609375
3000000 9.13888888888889 1.546875
