50000 2.2777777777777777 0.09118310899793869
100000 2.388888888888889 0.09172720000060508
150000 2.4444444444444446 0.09134480100328801
200000 2.4444444444444446 0.09176885700435378
250000 2.4444444444444446 0.0914289690044825
300000 2.4444444444444446 0.0910860669973772
350000 2.4444444444444446 0.09128431900171563
400000 2.4722222222222223 0.09083530700445408
450000 2.4722222222222223 0.09163342299871147
500000 2.5 0.09095256600267021
550000 2.4444444444444446 0.09129843499977142
600000 2.5 0.09096257499913918
650000 2.4722222222222223 0.09181530400383053
700000 2.5 0.09055501200055005
750000 2.5 0.0913572950012167
800000 2.5 0.09089881499676267
850000 2.5 0.09086265900259605
900000 2.5 0.09059733199683251
950000 2.4722222222222223 0.09072636199562112
1000000 2.5 0.09075011600361904
1050000 2.5 0.09106681100092828
1100000 2.4722222222222223 0.09049692200642312
1150000 2.5 0.09078182699886383
1200000 2.5 0.09073955599887995
1250000 2.5 0.09101077500235988
1300000 2.4444444444444446 0.09053091499663424
1350000 2.5 0.0904741189951892
1400000 2.5 0.09076697899581632
1450000 2.5 0.09053175699955318
1500000 2.5 0.09126800700323656
1550000 2.5833333333333335 0.09097369499795604
1600000 2.5833333333333335 0.09065596000436926
1650000 2.5833333333333335 0.09131674099626252
1700000 2.5833333333333335 0.09092761899955804
1750000 2.5833333333333335 0.0907568290058407
1800000 2.5555555555555554 0.09088147400325397
1850000 2.5833333333333335 0.09108929200010607
1900000 2.5833333333333335 0.09142241800145712
1950000 2.5555555555555554 0.09026539600017713
2000000 2.5833333333333335 0.09131022700603353
2050000 2.5833333333333335 0.09150193599634804
2100000 2.5833333333333335 0.0916814130032435
2150000 2.5833333333333335 0.09087950000684941
2200000 2.5833333333333335 0.09109166700363858
2250000 2.5833333333333335 0.09104042100079823
2300000 2.5833333333333335 0.09105517799616791
2350000 2.5833333333333335 0.09093306999420747
2400000 2.5833333333333335 0.09132764099922497
2450000 2.5833333333333335 0.09076787900266936
2500000 2.5833333333333335 0.09062521199666662
2550000 2.5833333333333335 0.09050474700052291
2600000 2.5833333333333335 0.09112834699772066
2650000 2.5833333333333335 0.09082534799381392
2700000 2.5833333333333335 0.09092651800165186
2750000 2.5833333333333335 0.09089086999301799
2800000 2.5833333333333335 0.09009258399601094
2850000 2.5833333333333335 0.09118529300030787
2900000 2.5833333333333335 0.09051519599597668
2950000 2.5833333333333335 0.09012969300238183
3000000 2.5833333333333335 0.09147877400391735
