50000 2.138888888888889 0.0911186879966408
100000 2.4722222222222223 0.09150294899882283
150000 2.4722222222222223 0.09115390499937348
200000 2.4722222222222223 0.09207452100235969
250000 2.4722222222222223 0.09097483699588338
300000 2.4722222222222223 0.09120874600193929
350000 2.4722222222222223 0.0921427590001258
400000 2.4722222222222223 0.0911280660002376
450000 2.4166666666666665 0.09025853499770164
500000 2.5 0.09057832400139887
550000 2.5 0.09129587100323988
600000 2.5 0.0920403569980408
650000 2.5 0.09141064600407844
700000 2.5 0.09126116600236855
750000 2.5 0.09118324799783295
800000 2.5277777777777777 0.09183479099738179
850000 2.5277777777777777 0.09091774199623615
900000 2.4722222222222223 0.09171974399941973
950000 2.5277777777777777 0.09061278900480829
1000000 2.5277777777777777 0.09111627299716929
1050000 2.5277777777777777 0.09158018200105289
1100000 2.5277777777777777 0.09045881999918493
1150000 2.5277777777777777 0.09081777300161775
1200000 2.5277777777777777 0.09108692900190363
1250000 2.5277777777777777 0.0907884389962419
1300000 2.5 0.09096720399975311
1350000 2.5277777777777777 0.09128202399733709
1400000 2.5277777777777777 0.09140685700549511
1450000 2.5277777777777777 0.0902001350041246
1500000 2.5277777777777777 0.09117006399901584
1550000 2.5277777777777777 0.09108784999989439
1600000 2.5277777777777777 0.09121504799986724
1650000 2.5277777777777777 0.09148431200446794
1700000 2.5277777777777777 0.09075048799422802
1750000 2.5277777777777777 0.09154662999935681
1800000 2.5277777777777777 0.09144743499928154
1850000 2.5277777777777777 0.09089618000143673
1900000 2.5277777777777777 0.09097130099689821
1950000 2.5277777777777777 0.0907001930027036
2000000 2.5277777777777777 0.0910904060001485
2050000 2.5277777777777777 0.09056663299998036
2100000 2.5277777777777777 0.09077876200171886
2150000 2.5277777777777777 0.09079936800117139
2200000 2.5277777777777777 0.08968622099928325
2250000 2.5277777777777777 0.09055970900226384
2300000 2.5277777777777777 0.09093513400148368
2350000 2.5277777777777777 0.09072397699492285
2400000 2.5277777777777777 0.09154307400604011
2450000 2.5277777777777777 0.09029827899939846
2500000 2.5277777777777777 0.09109835000708699
2550000 2.5277777777777777 0.09067227999912575
2600000 2.5277777777777777 0.09132414299529046
2650000 2.5277777777777777 0.09139701000094647
2700000 2.5277777777777777 0.09123869399627438
2750000 2.5277777777777777 0.0912999879947165
2800000 2.5277777777777777 0.09049061100085964
2850000 2.5277777777777777 0.09062610499677248
2900000 2.5277777777777777 0.09119062199897598
2950000 2.5277777777777777 0.09109393200196791
3000000 2.5277777777777777 0.09160423800494755
