50000 0.1388888888888889 0.05646583299676422
100000 1.1944444444444444 0.07766020800045226
150000 1.4444444444444444 0.07787545199971646
200000 1.6944444444444444 0.07818285900430055
250000 2.111111111111111 0.07826033500168705
300000 2.0833333333333335 0.07857979400432669
350000 2.138888888888889 0.07823334400018211
400000 2.1944444444444446 0.07802643600007286
450000 2.2777777777777777 0.07816651900066063
500000 2.2777777777777777 0.07840358199609909
550000 2.25 0.07807699000113644
600000 2.2777777777777777 0.07828744500147877
650000 2.3055555555555554 0.07819179500074824
700000 2.3333333333333335 0.07841990299493773
750000 2.388888888888889 0.07851959999970859
800000 2.4166666666666665 0.07818475300155114
850000 2.4166666666666665 0.0780467150034383
900000 2.4166666666666665 0.07803691599838203
950000 2.5 0.07804949799901806
1000000 2.638888888888889 0.07820524099952308
1050000 2.6666666666666665 0.07821292500011623
1100000 2.6666666666666665 0.0780147740006214
1150000 2.6944444444444446 0.07804884799406864
1200000 2.6944444444444446 0.07824959499703255
1250000 2.6944444444444446 0.0783359660053975
1300000 2.6944444444444446 0.07831703199917683
1350000 2.6666666666666665 0.0780351020002854
1400000 2.6944444444444446 0.07799589900241699
1450000 2.6944444444444446 0.07805385700339684
1500000 2.6944444444444446 0.07844084200041834
1550000 2.6944444444444446 0.07802742799685802
1600000 2.6944444444444446 0.07816020499740262
1650000 2.6944444444444446 0.07846264299587347
1700000 2.6944444444444446 0.07812922900484409
1750000 2.6944444444444446 0.07851910799945472
1800000 2.6944444444444446 0.07820151399937458
1850000 2.6944444444444446 0.07801976300106617
1900000 2.6944444444444446 0.07820824500231538
1950000 2.6944444444444446 0.07837877500423929
2000000 2.6944444444444446 0.07826081500388682
2050000 2.6944444444444446 0.07810349999635946
2100000 2.6944444444444446 0.07813829500082647
2150000 2.6944444444444446 0.078451381996274
2200000 2.6944444444444446 0.07808074700005818
2250000 2.7222222222222223 0.07844767600181513
2300000 2.7222222222222223 0.07834331000049133
2350000 2.7222222222222223 0.07798749199719168
2400000 2.7222222222222223 0.07877455900597852
2450000 2.7222222222222223 0.07827820800594054
2500000 2.7222222222222223 0.0786017249993165
2550000 2.7222222222222223 0.0784390490007354
2600000 2.7222222222222223 0.07867499200074235
2650000 2.7222222222222223 0.07889807000174187
2700000 2.7222222222222223 0.0787085250049131
2750000 2.7222222222222223 0.07888734100561123
2800000 2.7222222222222223 0.07819994100282202
2850000 2.7222222222222223 0.07849861100112321
2900000 2.7222222222222223 0.07857607600453775
2950000 2.7222222222222223 0.078465809005138
3000000 2.7222222222222223 0.07793556599790463
