50000 2.1944444444444446 0.09066312399954768
100000 2.388888888888889 0.09101975199882872
150000 2.3333333333333335 0.09051581799940323
200000 2.388888888888889 0.09067888299978222
250000 2.388888888888889 0.09035248100190074
300000 2.388888888888889 0.09068510500219418
350000 2.388888888888889 0.09052405199690838
400000 2.388888888888889 0.0906007059966214
450000 2.388888888888889 0.09075550600027782
500000 2.388888888888889 0.09040708199972869
550000 2.4166666666666665 0.09102831999916816
600000 2.4166666666666665 0.09065847400052007
650000 2.4166666666666665 0.09146637900266796
700000 2.4166666666666665 0.09121526799935964
750000 2.4166666666666665 0.09100693800064619
800000 2.4166666666666665 0.09132065700032399
850000 2.4166666666666665 0.09111475099780364
900000 2.4166666666666665 0.09176910799942561
950000 2.4166666666666665 0.09160604299904662
1000000 2.4166666666666665 0.09129710299748695
1050000 2.4166666666666665 0.09160892800355214
1100000 2.4166666666666665 0.09032153299995116
1150000 2.4166666666666665 0.09121943699938129
1200000 2.4166666666666665 0.09132586700070533
1250000 2.4166666666666665 0.0904522780001571
1300000 2.4166666666666665 0.09080215499852784
1350000 2.4166666666666665 0.09103003299969714
1400000 2.4166666666666665 0.09147498600214021
1450000 2.4166666666666665 0.091048245998536
1500000 2.4166666666666665 0.0913144160003867
1550000 2.4166666666666665 0.09146438699826831
1600000 2.4166666666666665 0.09091637900201022
1650000 2.4166666666666665 0.09125836999737658
1700000 2.4166666666666665 0.09049206300187507
1750000 2.4166666666666665 0.09164246100044693
1800000 2.4166666666666665 0.09120682399952784
1850000 2.4166666666666665 0.09134187600284349
1900000 2.4166666666666665 0.09194186100285151
1950000 2.4166666666666665 0.09203392399649601
2000000 2.4166666666666665 0.09139760000107344
2050000 2.3333333333333335 0.09149635699941427
2100000 2.4166666666666665 0.09187240000028396
2150000 2.4166666666666665 0.09116768999956548
2200000 2.4166666666666665 0.09070033299940405
2250000 2.4166666666666665 0.09083684999859543
2300000 2.4166666666666665 0.09042145000057644
2350000 2.4166666666666665 0.09068193799976143
2400000 2.4166666666666665 0.09023067200178048
2450000 2.4166666666666665 0.09030323899787618
2500000 2.4166666666666665 0.09184095199816511
2550000 2.4166666666666665 0.09128414899896597
2600000 2.4166666666666665 0.09086865000062971
2650000 2.4166666666666665 0.09199931799957994
2700000 2.4166666666666665 0.09167468200030271
2750000 2.4166666666666665 0.09120764399995096
2800000 2.4166666666666665 0.09090333299900522
2850000 2.4166666666666665 0.09116122699924745
2900000 2.4166666666666665 0.09137375600039377
2950000 2.4166666666666665 0.0914728110001306
3000000 2.4166666666666665 0.09160506000262103
