50000 0.1388888888888889 0.06610395600000629
100000 1.1111111111111112 0.07807775199944444
150000 1.0555555555555556 0.0779321890004212
200000 1.3888888888888888 0.07781800500015379
250000 2.1944444444444446 0.07837511999969138
300000 2.2777777777777777 0.07838230199922691
350000 2.3055555555555554 0.07802045400057978
400000 2.2777777777777777 0.07864556700042158
450000 2.361111111111111 0.07823388600081671
500000 2.361111111111111 0.078491447999113
550000 2.3055555555555554 0.07853129200157127
600000 2.361111111111111 0.07804505099920789
650000 2.4722222222222223 0.07860153399997216
700000 2.4444444444444446 0.07879716099887446
750000 2.4722222222222223 0.07867153599909216
800000 2.4166666666666665 0.07868482100093388
850000 2.4722222222222223 0.0785991680004372
900000 2.611111111111111 0.07844674399893847
950000 2.611111111111111 0.07782878400030313
1000000 2.611111111111111 0.07830301499961934
1050000 2.611111111111111 0.07842854899899976
1100000 2.611111111111111 0.0786478600002738
1150000 2.611111111111111 0.07858439200026623
1200000 2.611111111111111 0.07848946500052989
1250000 2.611111111111111 0.0783627559994784
1300000 2.611111111111111 0.07817633599916007
1350000 2.611111111111111 0.07815866400051164
1400000 2.611111111111111 0.07854154100095911
1450000 2.638888888888889 0.07829519999904733
1500000 2.6666666666666665 0.07844297700103198
1550000 2.6944444444444446 0.07858773699990707
1600000 2.6944444444444446 0.07828257600158395
1650000 2.6944444444444446 0.07810032499946828
1700000 2.6944444444444446 0.07844527099950938
1750000 2.6944444444444446 0.07869330500034266
1800000 2.6944444444444446 0.07826861900139193
1850000 2.6944444444444446 0.0785810550005408
1900000 2.6944444444444446 0.07846566800071741
1950000 2.6944444444444446 0.0788524449999386
2000000 2.6944444444444446 0.07809752899993327
2050000 2.6944444444444446 0.07854401699842128
2100000 2.6944444444444446 0.07857105699986278
2150000 2.7222222222222223 0.07851781700082938
2200000 2.7222222222222223 0.07854014800068398
2250000 2.7222222222222223 0.07842950099984591
2300000 2.7222222222222223 0.07803625499946065
2350000 2.7222222222222223 0.07834904000083043
2400000 2.7222222222222223 0.0786299669998698
2450000 2.7222222222222223 0.07848377300069842
2500000 2.7222222222222223 0.07850086500002362
2550000 2.7222222222222223 0.07850197799962189
2600000 2.7222222222222223 0.0783071519999794
2650000 2.7222222222222223 0.07772355700035405
2700000 2.7222222222222223 0.07878696199986734
2750000 2.7222222222222223 0.07838310400074988
2800000 2.6944444444444446 0.07826926100096898
2850000 2.7222222222222223 0.07847430600122607
2900000 2.7222222222222223 0.07847665100052836
2950000 2.7222222222222223 0.0783603719992243
3000000 2.7222222222222223 0.07848616699993727
