50000 2.138888888888889 0.09154262299853144
100000 2.4166666666666665 0.09143567300634459
150000 2.5 0.09047188600379741
200000 2.5 0.09160996900027385
250000 2.5277777777777777 0.09061987300083274
300000 2.5 0.09064051099994686
350000 2.5277777777777777 0.09133810999628622
400000 2.5277777777777777 0.09050381399720209
450000 2.388888888888889 0.09012817100301618
500000 2.5555555555555554 0.09047169400582789
550000 2.5 0.09057193400076358
600000 2.611111111111111 0.09077983399765799
650000 2.611111111111111 0.09066714100481477
700000 2.611111111111111 0.0912346350014559
750000 2.611111111111111 0.09079395800654311
800000 2.611111111111111 0.09085597500234144
850000 2.611111111111111 0.09065335599734681
900000 2.611111111111111 0.09066444500058424
950000 2.611111111111111 0.09105477899720427
1000000 2.611111111111111 0.09018743300111964
1050000 2.611111111111111 0.0922215460013831
1100000 2.611111111111111 0.09071995099657215
1150000 2.611111111111111 0.09084530600375729
1200000 2.611111111111111 0.09127712500048801
1250000 2.611111111111111 0.09075254100025631
1300000 2.611111111111111 0.09122077999927569
1350000 2.611111111111111 0.09099530599632999
1400000 2.611111111111111 0.09112309699412435
1450000 2.611111111111111 0.09031102299923077
1500000 2.611111111111111 0.09103393900295487
1550000 2.5277777777777777 0.0912422589972266
1600000 2.5555555555555554 0.08935253600066062
1650000 2.611111111111111 0.09120040999550838
1700000 2.611111111111111 0.09109954300220124
1750000 2.611111111111111 0.09143944000243209
1800000 2.611111111111111 0.09133633699821075
1850000 2.611111111111111 0.0913552019992494
1900000 2.611111111111111 0.09160690400312888
1950000 2.611111111111111 0.09140647800086299
2000000 2.611111111111111 0.09127032099786447
2050000 2.611111111111111 0.09231647400156362
2100000 2.611111111111111 0.09129068100446602
2150000 2.4722222222222223 0.09156117800011998
2200000 2.5833333333333335 0.09011847300280351
2250000 2.611111111111111 0.09084302099654451
2300000 2.611111111111111 0.09072919699974591
2350000 2.611111111111111 0.09067514700291213
2400000 2.611111111111111 0.09167621300002793
2450000 2.611111111111111 0.09108768900478026
2500000 2.5555555555555554 0.09196756000164896
2550000 2.611111111111111 0.09089800400397507
2600000 2.611111111111111 0.09187542699510232
2650000 2.611111111111111 0.09124604800308589
2700000 2.611111111111111 0.09093061599560315
2750000 2.5833333333333335 0.09168698300345568
2800000 2.611111111111111 0.09112153200112516
2850000 2.4722222222222223 0.09060017499723472
2900000 2.611111111111111 0.09076179900148418
2950000 2.611111111111111 0.09161395699629793
3000000 2.611111111111111 0.09150097500241827
