50000 2.2222222222222223 0.091001937999863
100000 2.4444444444444446 0.09127184400040278
150000 2.5 0.0900779160001548
200000 2.4444444444444446 0.09142248799980734
250000 2.5277777777777777 0.09054066499993496
300000 2.5277777777777777 0.09174054499999329
350000 2.5277777777777777 0.09115830199971242
400000 2.5277777777777777 0.09163058699959947
450000 2.5277777777777777 0.09187428400036879
500000 2.5277777777777777 0.09091270099997928
550000 2.5277777777777777 0.09140413400018588
600000 2.5277777777777777 0.09117571600017982
650000 2.5277777777777777 0.09137067000028765
700000 2.5277777777777777 0.0914961360003872
750000 2.5277777777777777 0.09061771899996529
800000 2.5277777777777777 0.09090283299974544
850000 2.5277777777777777 0.09080268500019884
900000 2.5277777777777777 0.09153111099931266
950000 2.5277777777777777 0.09104026099976181
1000000 2.5277777777777777 0.09068460400067124
1050000 2.5277777777777777 0.09069185800035484
1100000 2.5277777777777777 0.09047750500030816
1150000 2.5277777777777777 0.09033085000010033
1200000 2.5277777777777777 0.09168403800140368
1250000 2.5277777777777777 0.09068002499952854
1300000 2.5277777777777777 0.09103116299957037
1350000 2.5277777777777777 0.0904950389995065
1400000 2.5277777777777777 0.09006420000150683
1450000 2.5277777777777777 0.09036309100156359
1500000 2.5277777777777777 0.0908023250012775
1550000 2.5277777777777777 0.09034184099982667
1600000 2.5277777777777777 0.09067278099973919
1650000 2.5 0.09088286600126594
1700000 2.5277777777777777 0.0906258049999451
1750000 2.5277777777777777 0.09153318599965132
1800000 2.4166666666666665 0.09234978699896601
1850000 2.5277777777777777 0.09094644499964488
1900000 2.5277777777777777 0.09168986800068524
1950000 2.5277777777777777 0.09054667700002028
2000000 2.5277777777777777 0.09104268500050239
2050000 2.4722222222222223 0.09046185599981982
2100000 2.5277777777777777 0.09069450199967832
2150000 2.5277777777777777 0.09154598899840494
2200000 2.5277777777777777 0.09077579499899002
2250000 2.5277777777777777 0.09124857099959627
2300000 2.5277777777777777 0.09139306200086139
2350000 2.611111111111111 0.09141705699948943
2400000 2.611111111111111 0.09107059699999809
2450000 2.611111111111111 0.09065865600132383
2500000 2.5 0.0912304369994672
2550000 2.5833333333333335 0.0903106210007536
2600000 2.611111111111111 0.09123228099997505
2650000 2.611111111111111 0.09120454100047937
2700000 2.611111111111111 0.09151568199922622
2750000 2.611111111111111 0.09105369500139204
2800000 2.638888888888889 0.09035973500067485
2850000 2.638888888888889 0.09201970899994194
2900000 2.638888888888889 0.09091591600008542
2950000 2.638888888888889 0.0915771380005026
3000000 2.638888888888889 0.09099792199958756
