50000 0.25 0.05893850900247344
100000 1.2777777777777777 0.07759165999959805
150000 1.2777777777777777 0.07773470800020732
200000 1.8333333333333333 0.07792336299826275
250000 2.0 0.07793320999917341
300000 2.1666666666666665 0.07829242500156397
350000 2.2222222222222223 0.07815495599788846
400000 2.2222222222222223 0.07775315300023067
450000 2.3055555555555554 0.07826870099961525
500000 2.3055555555555554 0.07812321699748281
550000 2.3055555555555554 0.07760160900215851
600000 2.361111111111111 0.07798980600273353
650000 2.361111111111111 0.07794106499932241
700000 2.361111111111111 0.07789232399954926
750000 2.4166666666666665 0.07808963500065147
800000 2.4166666666666665 0.07771575299921096
850000 2.4166666666666665 0.07786949200090021
900000 2.4444444444444446 0.07801053599905572
950000 2.4444444444444446 0.07790935600132798
1000000 2.4722222222222223 0.07801170700258808
1050000 2.4722222222222223 0.07804093300001114
1100000 2.4722222222222223 0.07785678800064488
1150000 2.4722222222222223 0.0780184110008122
1200000 2.5 0.07803433000299265
1250000 2.5 0.07795133499894291
1300000 2.5 0.0780066090010223
1350000 2.5 0.07811625300018932
1400000 2.5 0.07799375399918063
1450000 2.5 0.07793334100279026
1500000 2.5 0.07790328400005819
1550000 2.5 0.07762487299987697
1600000 2.5 0.07885647299917764
1650000 2.5 0.07812326700150152
1700000 2.638888888888889 0.07879903399953037
1750000 2.638888888888889 0.07803100399905816
1800000 2.638888888888889 0.07822346600005403
1850000 2.638888888888889 0.07811131600101362
1900000 2.638888888888889 0.07783634899897152
1950000 2.638888888888889 0.07771391899950686
2000000 2.638888888888889 0.07778335900002276
2050000 2.638888888888889 0.0782959310017759
2100000 2.638888888888889 0.07782015900011174
2150000 2.6666666666666665 0.07797573000061675
2200000 2.6666666666666665 0.07792053700177348
2250000 2.6666666666666665 0.07820236599945929
2300000 2.6666666666666665 0.07782988600229146
2350000 2.6666666666666665 0.07763834700017469
2400000 2.6666666666666665 0.07821766400229535
2450000 2.6666666666666665 0.07807372399838641
2500000 2.6666666666666665 0.07804448100068839
2550000 2.6666666666666665 0.07779187499909312
2600000 2.6944444444444446 0.07853056100066169
2650000 2.6944444444444446 0.0780118990005576
2700000 2.6944444444444446 0.0780556620011339
2750000 2.6944444444444446 0.07797862599909422
2800000 2.6944444444444446 0.07822188299905974
2850000 2.6944444444444446 0.07789084300020477
2900000 2.6944444444444446 0.07800635699823033
2950000 2.6944444444444446 0.07795143399926019
3000000 2.6944444444444446 0.07771374900039518
