50000 2.111111111111111 0.09136785599548602
100000 2.4166666666666665 0.0911972749963752
150000 2.4166666666666665 0.09055854700272903
200000 2.4166666666666665 0.09089335599855985
250000 2.4166666666666665 0.0901450509991264
300000 2.4444444444444446 0.090792777002207
350000 2.4444444444444446 0.09049611099180765
400000 2.4444444444444446 0.0906082200090168
450000 2.4444444444444446 0.09107277099974453
500000 2.4444444444444446 0.0906589049991453
550000 2.5 0.09075896299327724
600000 2.5 0.09098282299237326
650000 2.5 0.09091889300907496
700000 2.5 0.09150691599643324
750000 2.5 0.09072294599900488
800000 2.5 0.0913506530050654
850000 2.5277777777777777 0.09064110199688002
900000 2.5277777777777777 0.09085439199407119
950000 2.5277777777777777 0.09138417600479443
1000000 2.5277777777777777 0.09126047400059178
1050000 2.5277777777777777 0.0910904250049498
1100000 2.5555555555555554 0.09033804399950895
1150000 2.5555555555555554 0.09085323999170214
1200000 2.5555555555555554 0.09135890899051446
1250000 2.5277777777777777 0.09150097599194851
1300000 2.5555555555555554 0.09161687199957669
1350000 2.5555555555555554 0.09090448600181844
1400000 2.5555555555555554 0.09187996500986628
1450000 2.5555555555555554 0.09116840099159162
1500000 2.5555555555555554 0.09078421100275591
1550000 2.5555555555555554 0.09041803500440437
1600000 2.5555555555555554 0.09009990699996706
1650000 2.5555555555555554 0.09115805200417526
1700000 2.5555555555555554 0.09041103099298198
1750000 2.5555555555555554 0.0912814229959622
1800000 2.5555555555555554 0.09063311699719634
1850000 2.5555555555555554 0.0905402030039113
1900000 2.3333333333333335 0.09058616000402253
1950000 2.5555555555555554 0.0905460739886621
2000000 2.5 0.09129506899625994
2050000 2.5555555555555554 0.09040977800032124
2100000 2.5555555555555554 0.09104275699064601
2150000 2.5555555555555554 0.09048617200460285
2200000 2.5555555555555554 0.09007855800155085
2250000 2.5555555555555554 0.09064204400056042
2300000 2.5555555555555554 0.09065828600432724
2350000 2.5555555555555554 0.0907044009945821
2400000 2.5555555555555554 0.09058264299528673
2450000 2.5555555555555554 0.09058320299664047
2500000 2.5555555555555554 0.09030098500079475
2550000 2.5555555555555554 0.09053201699862257
2600000 2.5555555555555554 0.09032633200695273
2650000 2.5555555555555554 0.09181698800239246
2700000 2.5555555555555554 0.09175439999671653
2750000 2.4722222222222223 0.09109049499966204
2800000 2.5555555555555554 0.09116840099159162
2850000 2.5555555555555554 0.09155199999804609
2900000 2.5555555555555554 0.09154463600134477
2950000 2.5555555555555554 0.09159526300209109
3000000 2.5555555555555554 0.09200699400389567
