50000 2.1666666666666665 0.09141141799773322
100000 2.361111111111111 0.0909816610001144
150000 2.4444444444444446 0.09087166500103194
200000 2.4444444444444446 0.09146171199972741
250000 2.5277777777777777 0.09072859699517721
300000 2.5555555555555554 0.09153691300161881
350000 2.5277777777777777 0.09155220999673475
400000 2.5555555555555554 0.0913574360019993
450000 2.5555555555555554 0.09178834299382288
500000 2.5555555555555554 0.0910476139979437
550000 2.5555555555555554 0.09139379399857717
600000 2.5555555555555554 0.0915252800041344
650000 2.4722222222222223 0.09157693800079869
700000 2.5555555555555554 0.09116423399973428
750000 2.5555555555555554 0.09082839400070952
800000 2.5555555555555554 0.09133554500294849
850000 2.5555555555555554 0.09132331200089538
900000 2.5555555555555554 0.09162367499811808
950000 2.5555555555555554 0.09149576700292528
1000000 2.5555555555555554 0.09173952200217173
1050000 2.5555555555555554 0.0919420519931009
1100000 2.5555555555555554 0.0912386330019217
1150000 2.5555555555555554 0.09146446699742228
1200000 2.5555555555555554 0.09092765000241343
1250000 2.6666666666666665 0.09141049600293627
1300000 2.6666666666666665 0.09177693300443934
1350000 2.6666666666666665 0.09056810600304743
1400000 2.6666666666666665 0.09075616799964337
1450000 2.6666666666666665 0.09128602199780289
1500000 2.6666666666666665 0.09134921999793733
1550000 2.6666666666666665 0.09120616200380027
1600000 2.6666666666666665 0.09116864200041164
1650000 2.6666666666666665 0.09100357200077269
1700000 2.6666666666666665 0.09135499200056074
1750000 2.6666666666666665 0.09199818799970672
1800000 2.6666666666666665 0.09131938399514183
1850000 2.6666666666666665 0.09148600700427778
1900000 2.6666666666666665 0.09114594900165685
1950000 2.6666666666666665 0.09095691499533132
2000000 2.6666666666666665 0.0915862539986847
2050000 2.6666666666666665 0.09142991200496908
2100000 2.6666666666666665 0.09178474800137337
2150000 2.6666666666666665 0.0910372849975829
2200000 2.6666666666666665 0.09070303900080035
2250000 2.6666666666666665 0.09182971099653514
2300000 2.6666666666666665 0.09118490199762164
2350000 2.6666666666666665 0.09093557499727467
2400000 2.6666666666666665 0.09158203700644663
2450000 2.6666666666666665 0.0908223820006242
2500000 2.6666666666666665 0.09183045300596859
2550000 2.6666666666666665 0.09069330000056652
2600000 2.6666666666666665 0.09159194699896034
2650000 2.6666666666666665 0.0916041079981369
2700000 2.6666666666666665 0.091209598002024
2750000 2.6666666666666665 0.091526773001533
2800000 2.6666666666666665 0.09113272499962477
2850000 2.6666666666666665 0.09082364500500262
2900000 2.6666666666666665 0.09153351499844575
2950000 2.6666666666666665 0.09122016799665289
3000000 2.6666666666666665 0.09150884999689879
