50000 0.1111111111111111 0.06138076900242595
100000 1.5277777777777777 0.07771411900466774
150000 1.5833333333333333 0.07747797600313788
200000 1.8333333333333333 0.0778990269973292
250000 1.8888888888888888 0.07815586899960181
300000 2.111111111111111 0.07818924100138247
350000 2.0833333333333335 0.07782321400009096
400000 2.111111111111111 0.07842132600490004
450000 2.2222222222222223 0.07830792399909114
500000 2.25 0.07791151099809213
550000 2.25 0.07779805700556608
600000 2.2777777777777777 0.07836579300055746
650000 2.3333333333333335 0.07783267199556576
700000 2.3333333333333335 0.07791786100278841
750000 2.388888888888889 0.07836184400366619
800000 2.4166666666666665 0.0775385609958903
850000 2.4444444444444446 0.07805530799669214
900000 2.4444444444444446 0.07813284500298323
950000 2.4444444444444446 0.07805617199483095
1000000 2.4444444444444446 0.07791227199777495
1050000 2.4444444444444446 0.07813200300006429
1100000 2.4722222222222223 0.07837300700339256
1150000 2.4722222222222223 0.07799108899780549
1200000 2.4722222222222223 0.07790869499876862
1250000 2.5277777777777777 0.07823391500278376
1300000 2.5277777777777777 0.07811528199817985
1350000 2.5555555555555554 0.07816216899664141
1400000 2.5555555555555554 0.07800556599977426
1450000 2.5555555555555554 0.07801388300140388
1500000 2.5555555555555554 0.07788403799349908
1550000 2.5555555555555554 0.07812989899684908
1600000 2.5555555555555554 0.07811304800270591
1650000 2.5555555555555554 0.07798656100203516
1700000 2.5555555555555554 0.07810344899917254
1750000 2.638888888888889 0.07811349900293862
1800000 2.638888888888889 0.07759594900562661
1850000 2.638888888888889 0.07795486200484447
1900000 2.638888888888889 0.07793588600179646
1950000 2.638888888888889 0.07815256299363682
2000000 2.638888888888889 0.07794042399473256
2050000 2.638888888888889 0.07788345700100763
2100000 2.638888888888889 0.07787004199781222
2150000 2.638888888888889 0.07826711799862096
2200000 2.638888888888889 0.07755995100160362
2250000 2.638888888888889 0.0781931590026943
2300000 2.638888888888889 0.0777980779967038
2350000 2.6666666666666665 0.07781171399983577
2400000 2.6944444444444446 0.07789579000382219
2450000 2.6944444444444446 0.07781116100522922
2500000 2.6666666666666665 0.07771769600367406
2550000 2.6944444444444446 0.07794278799701715
2600000 2.6944444444444446 0.07805414700123947
2650000 2.6944444444444446 0.07802258800074924
2700000 2.6944444444444446 0.07806041000003461
2750000 2.6944444444444446 0.07786096400377573
2800000 2.6944444444444446 0.07764394900004845
2850000 2.6944444444444446 0.07782685200072592
2900000 2.6944444444444446 0.07823342300252989
2950000 2.6944444444444446 0.07813760499993805
3000000 2.6944444444444446 0.07771725700149545
