50000 0.1388888888888889 0.05692600499969558
100000 1.0833333333333333 0.07748031099981745
150000 1.1388888888888888 0.07773678299963649
200000 1.6666666666666667 0.07827451199955249
250000 2.0277777777777777 0.0779081340006087
300000 2.1666666666666665 0.07790577999912784
350000 2.25 0.07781415800127434
400000 2.25 0.07797167299941066
450000 2.3333333333333335 0.07777339300082531
500000 2.361111111111111 0.07827824900050473
550000 2.3333333333333335 0.07817749799869489
600000 2.4166666666666665 0.07799072800116846
650000 2.4166666666666665 0.07805154199922981
700000 2.4166666666666665 0.07820027199886681
750000 2.388888888888889 0.07762282800104003
800000 2.4166666666666665 0.07811900900014734
850000 2.4166666666666665 0.07808816199940338
900000 2.4166666666666665 0.07805985800041526
950000 2.4166666666666665 0.0777717990004021
1000000 2.4166666666666665 0.07820974900096189
1050000 2.5 0.07818917999975383
1100000 2.5 0.07798165299936954
1150000 2.5 0.0780019590001757
1200000 2.5 0.07775506599864457
1250000 2.5 0.07805117200041423
1300000 2.5277777777777777 0.07813704299951496
1350000 2.5277777777777777 0.07790943500003777
1400000 2.5277777777777777 0.07769070599897532
1450000 2.5277777777777777 0.07828051100113953
1500000 2.5277777777777777 0.07805437900060497
1550000 2.5277777777777777 0.07773328599978413
1600000 2.5277777777777777 0.07823153999925125
1650000 2.5277777777777777 0.07806562899895653
1700000 2.5555555555555554 0.07772409800054447
1750000 2.5555555555555554 0.07862173200010147
1800000 2.5555555555555554 0.07782729200152971
1850000 2.5555555555555554 0.07803902799969364
1900000 2.5555555555555554 0.07822899500024505
1950000 2.5555555555555554 0.0777482939993206
2000000 2.5555555555555554 0.07826522399955138
2050000 2.5555555555555554 0.07820727400030592
2100000 2.5833333333333335 0.07810022500052582
2150000 2.5833333333333335 0.07762006200027827
2200000 2.7222222222222223 0.0777399479993619
2250000 2.7222222222222223 0.07772965900039708
2300000 2.7222222222222223 0.0779401930012682
2350000 2.7222222222222223 0.07815151999966474
2400000 2.7222222222222223 0.07768387400028587
2450000 2.7222222222222223 0.07790464800018526
2500000 2.7222222222222223 0.07777978299964161
2550000 2.7222222222222223 0.0778888469994854
2600000 2.75 0.07783516699964821
2650000 2.75 0.07803586299996823
2700000 2.75 0.0785949620003521
2750000 2.75 0.07856902200001059
2800000 2.75 0.07813293500112195
2850000 2.75 0.0783908480007085
2900000 2.75 0.07782652100104315
2950000 2.75 0.07797883699822705
3000000 2.75 0.07833100799689419
