50000 2.3333333333333335 0.09126225799991516
100000 2.5 0.09167882799374638
150000 2.5833333333333335 0.09058823300438235
200000 2.611111111111111 0.09179974400467472
250000 2.611111111111111 0.09072015000128886
300000 2.638888888888889 0.09166603300400311
350000 2.638888888888889 0.09122452600422548
400000 2.638888888888889 0.0909591689996887
450000 2.638888888888889 0.09142869000061182
500000 2.638888888888889 0.09085758800210897
550000 2.638888888888889 0.09185370700288331
600000 2.638888888888889 0.09168548999878112
650000 2.638888888888889 0.09115734100487316
700000 2.638888888888889 0.09182412099471549
750000 2.5 0.0911467409969191
800000 2.638888888888889 0.09175080299610272
850000 2.638888888888889 0.0914812080009142
900000 2.638888888888889 0.09128247600165196
950000 2.638888888888889 0.09166363999975147
1000000 2.638888888888889 0.0910228500069934
1050000 2.638888888888889 0.09134813900163863
1100000 2.638888888888889 0.09104586199828191
1150000 2.638888888888889 0.09237304900307208
1200000 2.638888888888889 0.09154721199593041
1250000 2.638888888888889 0.0916053719993215
1300000 2.638888888888889 0.09119146399461897
1350000 2.638888888888889 0.0906682830027421
1400000 2.638888888888889 0.0912057109962916
1450000 2.611111111111111 0.09132923200377263
1500000 2.611111111111111 0.09124677799991332
1550000 2.638888888888889 0.09147657900030026
1600000 2.638888888888889 0.09066819400322856
1650000 2.638888888888889 0.09163472499494674
1700000 2.638888888888889 0.09122593799838796
1750000 2.638888888888889 0.09138707099918975
1800000 2.611111111111111 0.09093377100361977
1850000 2.638888888888889 0.09144108199689072
1900000 2.638888888888889 0.09153027000138536
1950000 2.638888888888889 0.09109194700431544
2000000 2.638888888888889 0.09132056700036628
2050000 2.638888888888889 0.09180141899560113
2100000 2.638888888888889 0.09154870399652282
2150000 2.638888888888889 0.091994351001631
2200000 2.638888888888889 0.09057575999759138
2250000 2.638888888888889 0.09163836399966385
2300000 2.638888888888889 0.09153897500073072
2350000 2.638888888888889 0.09114829300233396
2400000 2.638888888888889 0.09171977600635728
2450000 2.638888888888889 0.0908327810029732
2500000 2.638888888888889 0.09137005999946268
2550000 2.638888888888889 0.09106951700232457
2600000 2.638888888888889 0.09157888199843
2650000 2.638888888888889 0.09219783199660014
2700000 2.6666666666666665 0.09100265100278193
2750000 2.6666666666666665 0.09136422799929278
2800000 2.6666666666666665 0.09121742400020594
2850000 2.6666666666666665 0.09137356700375676
2900000 2.6666666666666665 0.09135457999946084
2950000 2.6666666666666665 0.09163076800177805
3000000 2.6666666666666665 0.09169995800039032
