50000 2.1944444444444446 0.09164484500070103
100000 2.5555555555555554 0.09137857500172686
150000 2.5833333333333335 0.09060452300036559
200000 2.5833333333333335 0.09091355399868917
250000 2.5833333333333335 0.09102140699906158
300000 2.611111111111111 0.0922061980018043
350000 2.611111111111111 0.09111754599871347
400000 2.638888888888889 0.09064895699702902
450000 2.638888888888889 0.09060292899812339
500000 2.638888888888889 0.09089212300023064
550000 2.638888888888889 0.09159011299925623
600000 2.638888888888889 0.09119542200278374
650000 2.638888888888889 0.09112270499826991
700000 2.638888888888889 0.09164748100010911
750000 2.638888888888889 0.09092378199784434
800000 2.638888888888889 0.09125586599839153
850000 2.638888888888889 0.09122037799897953
900000 2.638888888888889 0.09123397299845237
950000 2.638888888888889 0.0915808960016875
1000000 2.638888888888889 0.09102319900193834
1050000 2.638888888888889 0.09162589100014884
1100000 2.638888888888889 0.09152463999998872
1150000 2.638888888888889 0.09174101499957033
1200000 2.638888888888889 0.0914412239981175
1250000 2.638888888888889 0.091213345000142
1300000 2.5277777777777777 0.09077689699915936
1350000 2.638888888888889 0.09128813499773969
1400000 2.638888888888889 0.0910091529985948
1450000 2.638888888888889 0.09136554200085811
1500000 2.638888888888889 0.09142002299995511
1550000 2.638888888888889 0.09182376000171644
1600000 2.6666666666666665 0.091439679999894
1650000 2.6666666666666665 0.09128635199886048
1700000 2.6666666666666665 0.09094819900201401
1750000 2.6666666666666665 0.09181752800213872
1800000 2.6666666666666665 0.09158297899921308
1850000 2.6666666666666665 0.09133280899914098
1900000 2.6666666666666665 0.09172285000022384
1950000 2.6666666666666665 0.09105103999900166
2000000 2.6666666666666665 0.09151935900081298
2050000 2.6666666666666665 0.09234622900112299
2100000 2.638888888888889 0.09098261100007221
2150000 2.6666666666666665 0.09104620300058741
2200000 2.6666666666666665 0.09021004399983212
2250000 2.6666666666666665 0.09115400500013493
2300000 2.6666666666666665 0.0908968020012253
2350000 2.6666666666666665 0.09071628399760812
2400000 2.638888888888889 0.09060477499951958
2450000 2.6666666666666665 0.09106946600149968
2500000 2.6666666666666665 0.09115270199981751
2550000 2.638888888888889 0.09008808599901386
2600000 2.6666666666666665 0.09115476599981776
2650000 2.6666666666666665 0.09150777700051549
2700000 2.6666666666666665 0.09167622399763786
2750000 2.6666666666666665 0.09168416899774456
2800000 2.6666666666666665 0.09065915599785512
2850000 2.6666666666666665 0.09211412399963592
2900000 2.6666666666666665 0.09123494699815637
2950000 2.6666666666666665 0.09144128300249577
3000000 2.6666666666666665 0.09100091800064547
