50000 2.2777777777777777 0.09188394299962965
100000 2.5 0.09113590999913868
150000 2.5 0.09090132100027404
200000 2.5277777777777777 0.09217079100017145
250000 2.611111111111111 0.09055825700124842
300000 2.611111111111111 0.09153127199897426
350000 2.611111111111111 0.0912345449996792
400000 2.611111111111111 0.09164663800038397
450000 2.611111111111111 0.09096919799958414
500000 2.611111111111111 0.09043976600150927
550000 2.611111111111111 0.09142387000065355
600000 2.611111111111111 0.09170903499943961
650000 2.2222222222222223 0.09070609499940474
700000 2.611111111111111 0.0910970080003608
750000 2.611111111111111 0.09045713699924818
800000 2.611111111111111 0.09077455199985707
850000 2.611111111111111 0.09159749599893985
900000 2.611111111111111 0.0918240800001513
950000 2.611111111111111 0.09211949400014419
1000000 2.611111111111111 0.09171551700092095
1050000 2.611111111111111 0.0914884420017188
1100000 2.611111111111111 0.09139993700046034
1150000 2.611111111111111 0.091634485999748
1200000 2.611111111111111 0.09228664900001604
1250000 2.611111111111111 0.09170104999975592
1300000 2.611111111111111 0.09107079900059034
1350000 2.611111111111111 0.09138387499842793
1400000 2.611111111111111 0.09168183399924601
1450000 2.638888888888889 0.09110123599930375
1500000 2.638888888888889 0.09176574099910795
1550000 2.638888888888889 0.09120632099984505
1600000 2.638888888888889 0.09106816299936327
1650000 2.638888888888889 0.09128383700044651
1700000 2.638888888888889 0.09078299999964656
1750000 2.638888888888889 0.09109828999862657
1800000 2.638888888888889 0.090833685000689
1850000 2.638888888888889 0.09141222799917159
1900000 2.638888888888889 0.09176803599984851
1950000 2.638888888888889 0.09041461599917966
2000000 2.638888888888889 0.09163043800072046
2050000 2.638888888888889 0.09139697899991006
2100000 2.638888888888889 0.091349201000412
2150000 2.638888888888889 0.09175664400027017
2200000 2.638888888888889 0.09094125499905203
2250000 2.638888888888889 0.09176775400010229
2300000 2.638888888888889 0.09193913600029191
2350000 2.638888888888889 0.09215096499974607
2400000 2.638888888888889 0.09239393999814638
2450000 2.6666666666666665 0.09078732600028161
2500000 2.6666666666666665 0.09157562499967753
2550000 2.6666666666666665 0.0910719989988138
2600000 2.6666666666666665 0.09132045699880109
2650000 2.6666666666666665 0.0912828750006156
2700000 2.6666666666666665 0.0919533229971421
2750000 2.6666666666666665 0.09131849300320027
2800000 2.6666666666666665 0.09155949399792007
2850000 2.6666666666666665 0.09094113600076525
2900000 2.6666666666666665 0.09133739800017793
2950000 2.6666666666666665 0.0918284590006806
3000000 2.6666666666666665 0.09172734000094351
