50000 2.1666666666666665 0.09106950600107666
100000 2.4722222222222223 0.0911907740010065
150000 2.5277777777777777 0.09095283699934953
200000 2.4722222222222223 0.09126193699921714
250000 2.5277777777777777 0.09102535200145212
300000 2.5277777777777777 0.09131091900053434
350000 2.5277777777777777 0.09163361299943062
400000 2.5277777777777777 0.09115297199969064
450000 2.5277777777777777 0.09100095800022245
500000 2.5277777777777777 0.09076498500144226
550000 2.5277777777777777 0.09150936000150978
600000 2.4444444444444446 0.09148612799981493
650000 2.5277777777777777 0.09114249200138147
700000 2.5277777777777777 0.09133516300062183
750000 2.5277777777777777 0.09072868599832873
800000 2.5277777777777777 0.09098600899960729
850000 2.5277777777777777 0.09144238500084612
900000 2.5 0.0917102370003704
950000 2.5277777777777777 0.09068496400141157
1000000 2.5277777777777777 0.09021981199839502
1050000 2.5277777777777777 0.0913416959992901
1100000 2.5555555555555554 0.09033165199798532
1150000 2.638888888888889 0.09071932900042157
1200000 2.638888888888889 0.09069991299838875
1250000 2.5555555555555554 0.09160257500116131
1300000 2.638888888888889 0.09104533000208903
1350000 2.638888888888889 0.09059003599759308
1400000 2.638888888888889 0.09068696800022735
1450000 2.638888888888889 0.09048186400104896
1500000 2.638888888888889 0.09079187500174157
1550000 2.6666666666666665 0.09080262499992386
1600000 2.6666666666666665 0.09034472700295737
1650000 2.6666666666666665 0.09051161999377655
1700000 2.6666666666666665 0.09050904300238471
1750000 2.6666666666666665 0.09136084200144978
1800000 2.6666666666666665 0.09098223200271605
1850000 2.6666666666666665 0.09083896499942057
1900000 2.6666666666666665 0.09204784000030486
1950000 2.6666666666666665 0.09084753899514908
2000000 2.6666666666666665 0.09159713500412181
2050000 2.6666666666666665 0.09128063100069994
2100000 2.5833333333333335 0.09134958099457435
2150000 2.6666666666666665 0.09140266900067218
2200000 2.6666666666666665 0.09068710899737198
2250000 2.6666666666666665 0.09118099500483368
2300000 2.6666666666666665 0.09088675400562352
2350000 2.6666666666666665 0.09187949400075013
2400000 2.6666666666666665 0.09139559700270183
2450000 2.6666666666666665 0.09079590299370466
2500000 2.6666666666666665 0.09104989999468671
2550000 2.6666666666666665 0.09125776900327764
2600000 2.6666666666666665 0.09087589199771173
2650000 2.6666666666666665 0.0919830990023911
2700000 2.6666666666666665 0.09162442700471729
2750000 2.6666666666666665 0.09260299999732524
2800000 2.6666666666666665 0.09100326200132258
2850000 2.6666666666666665 0.0911288070055889
2900000 2.5833333333333335 0.0912080159978359
2950000 2.6666666666666665 0.09139952400437323
3000000 2.6666666666666665 0.09155375399859622
