50000 0.1111111111111111 0.05569703099990875
100000 1.1111111111111112 0.07762215700040542
150000 1.0833333333333333 0.0782412580001619
200000 1.4444444444444444 0.07851185599974997
250000 1.6944444444444444 0.07825708700056566
300000 1.8888888888888888 0.07841300000018236
350000 1.9722222222222223 0.07802589400034776
400000 2.0555555555555554 0.07772565199957171
450000 2.0833333333333335 0.07859247699980187
500000 2.1666666666666665 0.07825041599971883
550000 2.25 0.07840418399973714
600000 2.25 0.07841453399942111
650000 2.25 0.07838208199973451
700000 2.25 0.07840324199969473
750000 2.25 0.07838417699986167
800000 2.25 0.0779171510002925
850000 2.25 0.07814515799964283
900000 2.2777777777777777 0.07796904899987567
950000 2.3333333333333335 0.07827120499950979
1000000 2.361111111111111 0.07784617800007254
1050000 2.361111111111111 0.07796865699947375
1100000 2.3333333333333335 0.07798068000010971
1150000 2.361111111111111 0.07801528500021959
1200000 2.4166666666666665 0.07841380199988635
1250000 2.4444444444444446 0.07818641699941509
1300000 2.5 0.07818284999939351
1350000 2.5 0.07783768200079066
1400000 2.5 0.07824944399999367
1450000 2.5277777777777777 0.07827635399917199
1500000 2.5277777777777777 0.07824862100005703
1550000 2.5277777777777777 0.07814853400032007
1600000 2.5555555555555554 0.07765628200013452
1650000 2.5555555555555554 0.07805431600081647
1700000 2.5555555555555554 0.07791991500016593
1750000 2.5555555555555554 0.07802313000047434
1800000 2.5555555555555554 0.07793395099997724
1850000 2.5555555555555554 0.07841922199986584
1900000 2.6666666666666665 0.07803284700003132
1950000 2.6666666666666665 0.07816467599968746
2000000 2.6666666666666665 0.07786623499941925
2050000 2.6666666666666665 0.07853571099985857
2100000 2.6666666666666665 0.07758699100031663
2150000 2.6666666666666665 0.07806576999973913
2200000 2.6666666666666665 0.07829628100080299
2250000 2.6666666666666665 0.07806573899961222
2300000 2.6666666666666665 0.0780564320002668
2350000 2.6666666666666665 0.07802158600043185
2400000 2.6666666666666665 0.07831011600046622
2450000 2.6666666666666665 0.07802209700003004
2500000 2.6666666666666665 0.07811746699917421
2550000 2.6666666666666665 0.07832480599972769
2600000 2.6666666666666665 0.07805036099944118
2650000 2.6666666666666665 0.07820427999922686
2700000 2.6666666666666665 0.07817669699943508
2750000 2.6944444444444446 0.0783844659999886
2800000 2.6944444444444446 0.07851357000072312
2850000 2.6944444444444446 0.07802264800011471
2900000 2.6944444444444446 0.07830753200050822
2950000 2.6944444444444446 0.0781725099986943
3000000 2.6944444444444446 0.07818565399975341
