50000 0.2222222222222222 0.05965729700255906
100000 1.0833333333333333 0.0772530860012921
150000 1.0555555555555556 0.077466935999837
200000 1.2777777777777777 0.07798172199909459
250000 1.7777777777777777 0.07760290000078385
300000 1.9444444444444444 0.077232636998815
350000 2.138888888888889 0.07788263699694653
400000 2.1666666666666665 0.07812327800274943
450000 2.1666666666666665 0.0781567689991789
500000 2.1666666666666665 0.07799547700051335
550000 2.3055555555555554 0.07811679500082391
600000 2.3333333333333335 0.07810722800059011
650000 2.4166666666666665 0.07792039600099088
700000 2.4444444444444446 0.07777874000021257
750000 2.4722222222222223 0.07791682099923491
800000 2.4722222222222223 0.07803413999863551
850000 2.4722222222222223 0.0780638350006484
900000 2.4722222222222223 0.07802101500055869
950000 2.4722222222222223 0.07771900800071307
1000000 2.5 0.078055611000309
1050000 2.5277777777777777 0.07802718699895195
1100000 2.5277777777777777 0.07800249099818757
1150000 2.5277777777777777 0.07782777300235466
1200000 2.5277777777777777 0.07774604999940493
1250000 2.6666666666666665 0.07840199900238076
1300000 2.6666666666666665 0.07774868500200682
1350000 2.6666666666666665 0.07793045600192272
1400000 2.638888888888889 0.07797446900076466
1450000 2.6666666666666665 0.07794230899889953
1500000 2.6666666666666665 0.07799085900114733
1550000 2.6666666666666665 0.07792010599951027
1600000 2.6666666666666665 0.07807138000134728
1650000 2.6666666666666665 0.07787358900168329
1700000 2.6666666666666665 0.0779174220006098
1750000 2.6666666666666665 0.07777585700023337
1800000 2.6666666666666665 0.07790941499843029
1850000 2.6666666666666665 0.07775144100014586
1900000 2.6666666666666665 0.07823314299821504
1950000 2.6666666666666665 0.07818528300049365
2000000 2.6666666666666665 0.07824482599971816
2050000 2.6666666666666665 0.07799978600087343
2100000 2.6944444444444446 0.07772429900069255
2150000 2.6944444444444446 0.07769552500030841
2200000 2.6944444444444446 0.07821494000017992
2250000 2.6944444444444446 0.07827505200111773
2300000 2.6944444444444446 0.07848086699959822
2350000 2.6944444444444446 0.07820965900100418
2400000 2.6944444444444446 0.0782359680015361
2450000 2.6944444444444446 0.07905210999888368
2500000 2.6944444444444446 0.078395337000984
2550000 2.6944444444444446 0.07793076599773485
2600000 2.6944444444444446 0.07785092700214591
2650000 2.6944444444444446 0.07863518799786107
2700000 2.6944444444444446 0.0779064920025121
2750000 2.6944444444444446 0.07819293799911975
2800000 2.6944444444444446 0.07849945300040417
2850000 2.6944444444444446 0.07807703000071342
2900000 2.6944444444444446 0.07867721600268851
2950000 2.6944444444444446 0.078539919002651
3000000 2.6944444444444446 0.07831721999900765
