50000 0.3055555555555556 0.06218315400110441
100000 1.3055555555555556 0.07810789900031523
150000 1.25 0.07769231899874285
200000 1.75 0.07804271500208415
250000 1.9166666666666667 0.07755262600039714
300000 2.2222222222222223 0.07815455699892482
350000 2.2222222222222223 0.07804780600054073
400000 2.3055555555555554 0.07830516800095211
450000 2.2777777777777777 0.07790403599938145
500000 2.3055555555555554 0.07860628200069186
550000 2.388888888888889 0.07766232299763942
600000 2.388888888888889 0.07781308599805925
650000 2.361111111111111 0.07792116800192161
700000 2.388888888888889 0.07804932900035055
750000 2.4166666666666665 0.07813421700120671
800000 2.4166666666666665 0.07750433700130088
850000 2.4166666666666665 0.07791449499927694
900000 2.4166666666666665 0.07829760300228372
950000 2.4166666666666665 0.07852077200004715
1000000 2.4166666666666665 0.07824584699847037
1050000 2.4166666666666665 0.07830361499873106
1100000 2.4166666666666665 0.07827725700190058
1150000 2.4166666666666665 0.07821647300079348
1200000 2.4166666666666665 0.07812702400042326
1250000 2.4444444444444446 0.07897857100033434
1300000 2.4444444444444446 0.07840128899988486
1350000 2.5 0.07833794900216162
1400000 2.5 0.07815954499892541
1450000 2.5277777777777777 0.07832290199803538
1500000 2.5555555555555554 0.07832671799769741
1550000 2.5555555555555554 0.0779123520005669
1600000 2.5555555555555554 0.07837366700186976
1650000 2.5277777777777777 0.07800924299954204
1700000 2.5555555555555554 0.07776033700065454
1750000 2.5555555555555554 0.07849410300332238
1800000 2.5555555555555554 0.07820068299770355
1850000 2.5555555555555554 0.07750743300130125
1900000 2.5555555555555554 0.07804243600185146
1950000 2.5833333333333335 0.07822522900096374
2000000 2.5833333333333335 0.07847546699849772
2050000 2.5833333333333335 0.07827263700164622
2100000 2.6666666666666665 0.07762131599884015
2150000 2.6666666666666665 0.07773904799978482
2200000 2.6666666666666665 0.07767303199943854
2250000 2.6666666666666665 0.0781918559987389
2300000 2.6944444444444446 0.07758278300025268
2350000 2.6944444444444446 0.07822565900278278
2400000 2.6944444444444446 0.07821797500218963
2450000 2.6944444444444446 0.07852509199801716
2500000 2.6944444444444446 0.07833694700093474
2550000 2.6944444444444446 0.07853668200186803
2600000 2.7222222222222223 0.07850264800072182
2650000 2.7222222222222223 0.07851867800127366
2700000 2.7222222222222223 0.07852189500044915
2750000 2.7222222222222223 0.07826647500041872
2800000 2.75 0.07827086400357075
2850000 2.75 0.07803698499628808
2900000 2.75 0.07783168000605656
2950000 2.75 0.07804738500271924
3000000 2.75 0.07806576000439236
