50000 2.0277777777777777 0.09116600500000516
100000 2.4444444444444446 0.09130708099999651
150000 2.5 0.09142339999999649
200000 2.5277777777777777 0.09097487899998669
250000 2.5277777777777777 0.09117595499998288
300000 2.5277777777777777 0.09168359799991777
350000 2.5277777777777777 0.09224712499997167
400000 2.5277777777777777 0.09212210999999115
450000 2.5277777777777777 0.09135310800002117
500000 2.5277777777777777 0.09109000499995545
550000 2.5277777777777777 0.09127421000016511
600000 2.5277777777777777 0.09172101800004384
650000 2.5555555555555554 0.09163379300002816
700000 2.5555555555555554 0.09129850499994063
750000 2.5555555555555554 0.0914184099999602
800000 2.638888888888889 0.0914145220001501
850000 2.6666666666666665 0.09115912399988702
900000 2.6666666666666665 0.09143617200015797
950000 2.6666666666666665 0.09181885100019826
1000000 2.6666666666666665 0.09088940900005582
1050000 2.6666666666666665 0.09155778100011958
1100000 2.6944444444444446 0.0916099200003373
1150000 2.6944444444444446 0.0920769049998853
1200000 2.6944444444444446 0.09152388699976655
1250000 2.6944444444444446 0.09193685099990034
1300000 2.6944444444444446 0.09097254200014504
1350000 2.6944444444444446 0.0912851690000025
1400000 2.6944444444444446 0.09144824700024401
1450000 2.6944444444444446 0.09180793000041376
1500000 2.6944444444444446 0.09096681399978479
1550000 2.6944444444444446 0.09156161800001428
1600000 2.6944444444444446 0.09121967800001585
1650000 2.6944444444444446 0.09170976699988387
1700000 2.6944444444444446 0.09167752599978485
1750000 2.6944444444444446 0.09181412099997033
1800000 2.6944444444444446 0.09143370799984041
1850000 2.6944444444444446 0.09194360499986942
1900000 2.6944444444444446 0.09119487100042534
1950000 2.6944444444444446 0.09064028200009489
2000000 2.6944444444444446 0.09159246600029292
2050000 2.6944444444444446 0.09086965100004818
2100000 2.6944444444444446 0.09188039699984074
2150000 2.6944444444444446 0.09137212299992825
2200000 2.6944444444444446 0.09099302300001
2250000 2.6944444444444446 0.09075796200067998
2300000 2.6944444444444446 0.0903482730000178
2350000 2.6944444444444446 0.09113126099964575
2400000 2.6944444444444446 0.09141974299927824
2450000 2.638888888888889 0.09122810300050332
2500000 2.6666666666666665 0.09108281200042256
2550000 2.6944444444444446 0.0910029000006034
2600000 2.6666666666666665 0.0909537490006187
2650000 2.6944444444444446 0.09079396699962672
2700000 2.6944444444444446 0.09128003099976922
2750000 2.6944444444444446 0.0918277169994326
2800000 2.6944444444444446 0.09061985399966943
2850000 2.6944444444444446 0.09171484599937685
2900000 2.6944444444444446 0.09101259999988542
2950000 2.638888888888889 0.09080670200000895
3000000 2.6944444444444446 0.09154617900003359
