50000 0.1388888888888889 0.13619060200000632
100000 1.25 0.07707792600000118
150000 1.4166666666666667 0.07795837799997685
200000 1.9166666666666667 0.07807255200000895
250000 2.0277777777777777 0.07766308399999389
300000 2.1944444444444446 0.07824168999997028
350000 2.1944444444444446 0.07831749099995022
400000 2.25 0.07810053500003278
450000 2.3055555555555554 0.07827299699999912
500000 2.3055555555555554 0.0778767939999625
550000 2.3055555555555554 0.07844126300005883
600000 2.3333333333333335 0.07802248000007239
650000 2.361111111111111 0.07819329799997377
700000 2.4166666666666665 0.07778249800003323
750000 2.4722222222222223 0.07781002900003386
800000 2.4722222222222223 0.07800563700016028
850000 2.4444444444444446 0.07806698100012
900000 2.4722222222222223 0.07800145800001701
950000 2.4722222222222223 0.07833300099991902
1000000 2.4722222222222223 0.078684358999908
1050000 2.4722222222222223 0.0778377310000451
1100000 2.4722222222222223 0.07831345399995371
1150000 2.4722222222222223 0.07795748600005936
1200000 2.4722222222222223 0.07802599500018914
1250000 2.5 0.07801832099994499
1300000 2.5 0.07834427100010544
1350000 2.5 0.07820833599998878
1400000 2.5 0.0778775379999388
1450000 2.5 0.07815038900002946
1500000 2.638888888888889 0.07806920600000922
1550000 2.638888888888889 0.07825261900006808
1600000 2.6666666666666665 0.07789110200019422
1650000 2.6666666666666665 0.07789957699969818
1700000 2.6666666666666665 0.07821510099984152
1750000 2.6666666666666665 0.07839340400005312
1800000 2.6666666666666665 0.07792968400008249
1850000 2.6666666666666665 0.07803908899995804
1900000 2.6666666666666665 0.07771728599982453
1950000 2.6666666666666665 0.07780524100007824
2000000 2.6944444444444446 0.0781664890000684
2050000 2.6944444444444446 0.0782321920000868
2100000 2.6944444444444446 0.0779502529999263
2150000 2.6944444444444446 0.07833617699998285
2200000 2.6944444444444446 0.07823215100006564
2250000 2.6944444444444446 0.07812977900039186
2300000 2.6944444444444446 0.07835717599982672
2350000 2.6944444444444446 0.07842103499979203
2400000 2.6944444444444446 0.07877014900032009
2450000 2.6944444444444446 0.07798283400006767
2500000 2.6944444444444446 0.0783722440000929
2550000 2.6944444444444446 0.07848459499973615
2600000 2.6944444444444446 0.0779076039998472
2650000 2.6944444444444446 0.07789092099983463
2700000 2.6944444444444446 0.07805547999987539
2750000 2.6944444444444446 0.07777417299985245
2800000 2.6944444444444446 0.07799777299987909
2850000 2.6944444444444446 0.07881033700004991
2900000 2.6944444444444446 0.07808068700023796
2950000 2.6944444444444446 0.07851189500024702
3000000 2.7222222222222223 0.07837167300021974
