50000 0.1111111111111111 0.058668904996011406
100000 1.4722222222222223 0.07786407200183021
150000 1.25 0.07780527100112522
200000 1.75 0.07803949000663124
250000 1.8888888888888888 0.07827742600056808
300000 1.9444444444444444 0.07818337900243932
350000 2.0277777777777777 0.07829816600133199
400000 2.0277777777777777 0.07860776600136887
450000 2.0833333333333335 0.07825188700371655
500000 2.0833333333333335 0.07814124099968467
550000 2.138888888888889 0.07786224799929187
600000 2.1666666666666665 0.07837827500043204
650000 2.2222222222222223 0.07833906100131571
700000 2.3333333333333335 0.07840345200384036
750000 2.3333333333333335 0.07811577300162753
800000 2.3333333333333335 0.07798380599706434
850000 2.388888888888889 0.07812160399771528
900000 2.361111111111111 0.07829777499864576
950000 2.4722222222222223 0.07857320200128015
1000000 2.4722222222222223 0.07815028700133553
1050000 2.4722222222222223 0.07783194999501575
1100000 2.4722222222222223 0.078025102004176
1150000 2.4722222222222223 0.07839925499865785
1200000 2.4722222222222223 0.07838937699852977
1250000 2.4722222222222223 0.07824592800170649
1300000 2.4722222222222223 0.07821028900070814
1350000 2.4722222222222223 0.07850418199814158
1400000 2.5555555555555554 0.07788958799937973
1450000 2.5555555555555554 0.07869872500305064
1500000 2.5555555555555554 0.07807370399677893
1550000 2.5555555555555554 0.07809524499316467
1600000 2.611111111111111 0.07790265399671625
1650000 2.611111111111111 0.07821821499965154
1700000 2.611111111111111 0.07824218000314431
1750000 2.611111111111111 0.07811043199762935
1800000 2.611111111111111 0.07830086100148037
1850000 2.611111111111111 0.07820959899981972
1900000 2.611111111111111 0.07822521799971582
1950000 2.611111111111111 0.07823670099605806
2000000 2.611111111111111 0.07879357400088338
2050000 2.611111111111111 0.07827924899902428
2100000 2.611111111111111 0.07848441500391345
2150000 2.611111111111111 0.07818504400347592
2200000 2.611111111111111 0.07802973200159613
2250000 2.6944444444444446 0.0783280809991993
2300000 2.6944444444444446 0.07815604899951722
2350000 2.7222222222222223 0.07837868700153194
2400000 2.7222222222222223 0.07822124999802327
2450000 2.7222222222222223 0.07811558300454635
2500000 2.7222222222222223 0.07899348900537007
2550000 2.7222222222222223 0.07825261900143232
2600000 2.7222222222222223 0.07847243200376397
2650000 2.7222222222222223 0.07813439899473451
2700000 2.7222222222222223 0.07842518400138943
2750000 2.7222222222222223 0.07840752999618417
2800000 2.6944444444444446 0.07771703499747673
2850000 2.7222222222222223 0.07815420500264736
2900000 2.7222222222222223 0.07810224800050491
2950000 2.7222222222222223 0.07829575100186048
3000000 2.7222222222222223 0.07872657800180605
