50000 0.1111111111111111 0.05636449199664639
100000 1.1944444444444444 0.0778307689979556
150000 0.8888888888888888 0.07807935500022722
200000 1.5277777777777777 0.07756242500181543
250000 1.8611111111111112 0.07843940999737242
300000 2.0833333333333335 0.07858965299965348
350000 2.2777777777777777 0.07807533799496014
400000 2.3055555555555554 0.0781098209990887
450000 2.3333333333333335 0.07801961400400614
500000 2.3055555555555554 0.07813206299761077
550000 2.3333333333333335 0.07803173599677393
600000 2.25 0.07816208899748744
650000 2.4444444444444446 0.0783695789941703
700000 2.4444444444444446 0.07827626400103327
750000 2.5 0.07820801599882543
800000 2.5277777777777777 0.07800970399694052
850000 2.5277777777777777 0.07838357400032692
900000 2.5277777777777777 0.07837784399453085
950000 2.5277777777777777 0.07801449300313834
1000000 2.5277777777777777 0.07858299900544807
1050000 2.5833333333333335 0.07832559799862793
1100000 2.5833333333333335 0.07758515799650922
1150000 2.5555555555555554 0.07804909900005441
1200000 2.5833333333333335 0.0782816740029375
1250000 2.5833333333333335 0.07788155399612151
1300000 2.6666666666666665 0.07835062500089407
1350000 2.6944444444444446 0.0782865830042283
1400000 2.6944444444444446 0.07796573200175771
1450000 2.6944444444444446 0.07840180900529958
1500000 2.6944444444444446 0.07805437800561776
1550000 2.6944444444444446 0.07806716200138908
1600000 2.6944444444444446 0.07810903000063263
1650000 2.6944444444444446 0.07819829799700528
1700000 2.6944444444444446 0.07817156799865188
1750000 2.6944444444444446 0.07836489200417418
1800000 2.6944444444444446 0.07824131899542408
1850000 2.6944444444444446 0.07826969199959422
1900000 2.6944444444444446 0.07784155899571488
1950000 2.6944444444444446 0.07840684999973746
2000000 2.6944444444444446 0.07814915599738015
2050000 2.6944444444444446 0.07854991700151004
2100000 2.6944444444444446 0.0781086690039956
2150000 2.6944444444444446 0.07805169399944134
2200000 2.6944444444444446 0.07822082100028638
2250000 2.6944444444444446 0.0780156549953972
2300000 2.6944444444444446 0.07813031000114279
2350000 2.6944444444444446 0.07776093800202943
2400000 2.6944444444444446 0.0780961769996793
2450000 2.6944444444444446 0.07815747200220358
2500000 2.6944444444444446 0.07820541199907893
2550000 2.6944444444444446 0.07837744400603697
2600000 2.6944444444444446 0.07812054199894192
2650000 2.6944444444444446 0.07838927599368617
2700000 2.6944444444444446 0.07821739299834007
2750000 2.6944444444444446 0.0779855789951398
2800000 2.7222222222222223 0.07822273400233826
2850000 2.7222222222222223 0.07811983999999939
2900000 2.7222222222222223 0.07806842399440939
2950000 2.7222222222222223 0.07792059700295795
3000000 2.7222222222222223 0.07810079499904532
