50000 0.16666666666666666 0.059178349998546764
100000 1.0555555555555556 0.07828403899839032
150000 1.3888888888888888 0.07812903699959861
200000 1.8333333333333333 0.07833398299771943
250000 1.8333333333333333 0.07812769600059255
300000 1.9722222222222223 0.07826444300008006
350000 2.0833333333333335 0.07843220699942322
400000 2.111111111111111 0.07833056599702104
450000 2.361111111111111 0.07900772699940717
500000 2.361111111111111 0.07793252099872916
550000 2.4166666666666665 0.07804919800037169
600000 2.4166666666666665 0.07842890000029001
650000 2.4166666666666665 0.07821966800111113
700000 2.4444444444444446 0.07868918800159008
750000 2.4444444444444446 0.07871245400019689
800000 2.4444444444444446 0.07848555600139662
850000 2.388888888888889 0.07862233400010155
900000 2.5277777777777777 0.07901738399959868
950000 2.5277777777777777 0.07824422400153708
1000000 2.5277777777777777 0.07840663800016046
1050000 2.5277777777777777 0.07798539900250034
1100000 2.5277777777777777 0.07834682699831319
1150000 2.5277777777777777 0.07810738799889805
1200000 2.5277777777777777 0.0780520840016834
1250000 2.6666666666666665 0.07876062200011802
1300000 2.6666666666666665 0.07847872499769437
1350000 2.6666666666666665 0.07811304700226174
1400000 2.6666666666666665 0.07806354499916779
1450000 2.6666666666666665 0.07841558400104987
1500000 2.6666666666666665 0.07833161899907282
1550000 2.6666666666666665 0.07803932900060317
1600000 2.6666666666666665 0.07787555200047791
1650000 2.6666666666666665 0.07810147599957418
1700000 2.6666666666666665 0.07829631200002041
1750000 2.6944444444444446 0.07854427699930966
1800000 2.6944444444444446 0.07791492599790217
1850000 2.6944444444444446 0.07839868399969419
1900000 2.6944444444444446 0.07880798199767014
1950000 2.6944444444444446 0.07843530299942358
2000000 2.6944444444444446 0.07837173300140421
2050000 2.6944444444444446 0.07848158900014823
2100000 2.6944444444444446 0.07798209300017334
2150000 2.6944444444444446 0.07792059799976414
2200000 2.6944444444444446 0.07827139499931945
2250000 2.6944444444444446 0.07832370300093316
2300000 2.6944444444444446 0.07844792600008077
2350000 2.7222222222222223 0.07853063200309407
2400000 2.7222222222222223 0.07809562500187894
2450000 2.7222222222222223 0.0785973460006062
2500000 2.7222222222222223 0.07852561100298772
2550000 2.7222222222222223 0.07849567599987495
2600000 2.7222222222222223 0.07816928199827089
2650000 2.7222222222222223 0.07788366900058463
2700000 2.7222222222222223 0.07821742400119547
2750000 2.7222222222222223 0.07800842200231273
2800000 2.7222222222222223 0.07843691399830277
2850000 2.7222222222222223 0.07827490099953138
2900000 2.7222222222222223 0.07803607399910106
2950000 2.7222222222222223 0.07820282600005157
3000000 2.7222222222222223 0.0783922509981494
