50000 4.972222222222222 0.12483573999998043
100000 5.25 0.12262923999878694
150000 5.361111111111111 0.12424288699912722
200000 5.361111111111111 0.12536554300095304
250000 5.388888888888889 0.12442282399933902
300000 5.416666666666667 0.12455659500119509
350000 5.277777777777778 0.1253818439981842
400000 5.416666666666667 0.12363592799738399
450000 5.277777777777778 0.1254116089985473
500000 5.416666666666667 0.1239712780006812
550000 4.694444444444445 0.12416435000341153
600000 5.416666666666667 0.12487162700199406
650000 5.416666666666667 0.12418083000011393
700000 5.055555555555555 0.1197588770010043
750000 5.416666666666667 0.12461135799821932
800000 5.416666666666667 0.12467113999809953
850000 5.333333333333333 0.1248726589983562
900000 5.416666666666667 0.12491449700246449
950000 5.416666666666667 0.12469752999822958
1000000 5.416666666666667 0.12433845600025961
1050000 5.416666666666667 0.1252153300010832
1100000 5.416666666666667 0.12362686100095743
1150000 5.416666666666667 0.12427446599758696
1200000 5.416666666666667 0.12522265399820753
1250000 5.305555555555555 0.12292886400246061
1300000 5.416666666666667 0.12457649100178969
1350000 5.416666666666667 0.12447822700050892
1400000 5.416666666666667 0.12464011100018979
1450000 5.416666666666667 0.12442432800162351
1500000 5.416666666666667 0.1250843759989948
1550000 5.416666666666667 0.1252408380023553
1600000 5.416666666666667 0.12422711799808894
1650000 5.416666666666667 0.12530799399974057
1700000 5.416666666666667 0.12403450599958887
1750000 5.361111111111111 0.12466780400063726
1800000 5.416666666666667 0.12517284100249526
1850000 5.416666666666667 0.12457753499984392
1900000 5.416666666666667 0.12425204499959364
1950000 5.388888888888889 0.12448238599972683
2000000 5.388888888888889 0.12483809500190546
2050000 5.416666666666667 0.123878803999105
2100000 5.416666666666667 0.12428239099972416
2150000 5.388888888888889 0.12510319099965272
2200000 5.416666666666667 0.12354625199805014
2250000 5.416666666666667 0.12413026599824661
2300000 5.416666666666667 0.12491620999935549
2350000 5.416666666666667 0.12520758699974976
2400000 5.416666666666667 0.12483781300034025
2450000 5.416666666666667 0.1250214860010601
2500000 5.416666666666667 0.12495122499967692
2550000 5.416666666666667 0.12398025399670587
2600000 5.416666666666667 0.12464316900150152
2650000 5.416666666666667 0.12583796800026903
2700000 5.305555555555555 0.12492938399736886
2750000 4.805555555555555 0.12497922599868616
2800000 5.361111111111111 0.12459142000079737
2850000 5.416666666666667 0.12531228299849317
2900000 4.666666666666667 0.12355240299802972
2950000 5.416666666666667 0.12542907200258924
3000000 5.305555555555555 0.12535377899985178
