50000 5.055555555555555 0.12411804300063523
100000 5.5 0.12502614600089146
150000 5.416666666666667 0.1241610840006615
200000 5.5 0.12568882900086464
250000 5.5 0.12476953599980334
300000 5.527777777777778 0.12506793499778723
350000 5.527777777777778 0.12495525299891597
400000 5.527777777777778 0.12430754800152499
450000 5.444444444444445 0.12583586299297167
500000 5.527777777777778 0.12368833600339713
550000 5.555555555555555 0.12452434499573428
600000 5.555555555555555 0.1241437999997288
650000 5.555555555555555 0.1242379359973711
700000 5.555555555555555 0.12444751000293763
750000 5.555555555555555 0.12333984299766598
800000 5.361111111111111 0.12462410200532759
850000 5.555555555555555 0.1234925890021259
900000 5.555555555555555 0.12393570000131149
950000 5.555555555555555 0.12383905999740819
1000000 5.111111111111111 0.1237480380004854
1050000 5.555555555555555 0.12412847299856367
1100000 5.555555555555555 0.12350022399914451
1150000 5.472222222222222 0.12561040099535603
1200000 5.555555555555555 0.1247531729968614
1250000 5.555555555555555 0.12525687800371088
1300000 5.555555555555555 0.1250533060010639
1350000 5.555555555555555 0.12446753899712348
1400000 5.555555555555555 0.12497661400266225
1450000 5.555555555555555 0.12462313099968014
1500000 5.555555555555555 0.1250205550022656
1550000 5.555555555555555 0.12420405400189338
1600000 5.555555555555555 0.12439327799802413
1650000 5.388888888888889 0.12307066800713073
1700000 5.444444444444445 0.12446569400344742
1750000 5.555555555555555 0.1233269670046866
1800000 5.555555555555555 0.12390273899654858
1850000 5.555555555555555 0.12487004199647345
1900000 5.5 0.12508303199865622
1950000 5.555555555555555 0.12429424300353276
2000000 5.555555555555555 0.12456812700111186
2050000 5.444444444444445 0.1256119750032667
2100000 5.555555555555555 0.12512313799379626
2150000 5.555555555555555 0.12449565000133589
2200000 5.555555555555555 0.12405280999519164
2250000 5.555555555555555 0.12520786700042663
2300000 5.5 0.12506193300214363
2350000 5.555555555555555 0.1253724650014192
2400000 5.555555555555555 0.12545535100070992
2450000 5.027777777777778 0.12420513600227423
2500000 5.555555555555555 0.12499715000012657
2550000 5.555555555555555 0.12427395499980776
2600000 5.472222222222222 0.12376357799803372
2650000 5.555555555555555 0.12478143699991051
2700000 5.555555555555555 0.12487728600535775
2750000 4.75 0.12134358999901451
2800000 5.555555555555555 0.12427064900111873
2850000 5.555555555555555 0.12389863099815557
2900000 5.555555555555555 0.1248525709961541
2950000 5.277777777777778 0.12420227000257
3000000 5.555555555555555 0.12582290099817328
