50000 4.916666666666667 0.125
100000 5.388888888888889 0.125
150000 5.388888888888889 0.125
200000 5.388888888888889 0.125
250000 5.25 0.15625
300000 5.138888888888889 0.109375
350000 5.472222222222222 0.140625
400000 5.444444444444445 0.09375
450000 4.861111111111111 0.15625
500000 5.444444444444445 0.15625
550000 5.222222222222222 0.15625
600000 5.277777777777778 0.109375
650000 5.472222222222222 0.125
700000 5.472222222222222 0.125
750000 5.388888888888889 0.15625
800000 5.361111111111111 0.171875
850000 5.472222222222222 0.3125
900000 5.472222222222222 0.125
950000 5.472222222222222 0.09375
1000000 5.388888888888889 0.125
1050000 5.388888888888889 0.125
1100000 5.472222222222222 0.140625
1150000 5.0 0.125
1200000 5.472222222222222 0.140625
1250000 5.472222222222222 0.140625
1300000 5.388888888888889 0.140625
1350000 5.472222222222222 0.140625
1400000 5.472222222222222 0.15625
1450000 5.333333333333333 0.96875
1500000 5.472222222222222 0.140625
1550000 5.388888888888889 0.15625
1600000 5.361111111111111 0.15625
1650000 5.472222222222222 0.140625
1700000 5.444444444444445 0.15625
1750000 5.388888888888889 0.15625
1800000 5.472222222222222 0.140625
1850000 5.472222222222222 0.140625
1900000 5.416666666666667 0.125
1950000 5.277777777777778 0.09375
2000000 5.166666666666667 0.15625
2050000 5.472222222222222 0.15625
2100000 5.333333333333333 0.140625
2150000 5.333333333333333 0.15625
2200000 5.472222222222222 0.15625
2250000 4.638888888888889 0.125
2300000 5.472222222222222 0.28125
2350000 5.472222222222222 0.15625
2400000 5.416666666666667 0.15625
2450000 4.694444444444445 0.140625
2500000 5.166666666666667 0.125
2550000 5.472222222222222 0.15625
2600000 5.416666666666667 0.15625
2650000 5.472222222222222 0.15625
2700000 5.5 0.125
2750000 5.472222222222222 0.140625
2800000 5.472222222222222 0.15625
2850000 5.111111111111111 0.140625
2900000 5.5 0.859375
2950000 5.5 0.15625
3000000 5.5 0.140625
