50000 4.75 0.125
100000 5.416666666666667 0.15625
150000 5.444444444444445 0.15625
200000 5.444444444444445 0.125
250000 5.277777777777778 0.21875
300000 5.444444444444445 0.15625
350000 5.333333333333333 0.140625
400000 5.472222222222222 0.15625
450000 5.5 0.125
500000 5.166666666666667 0.140625
550000 5.5 0.15625
600000 5.5 0.125
650000 5.583333333333333 0.15625
700000 4.833333333333333 0.140625
750000 5.583333333333333 0.15625
800000 5.583333333333333 0.15625
850000 5.361111111111111 0.3125
900000 5.583333333333333 0.125
950000 5.583333333333333 0.140625
1000000 5.111111111111111 0.15625
1050000 5.555555555555555 0.140625
1100000 5.583333333333333 0.125
1150000 5.583333333333333 0.09375
1200000 4.972222222222222 0.140625
1250000 5.555555555555555 0.125
1300000 5.555555555555555 0.140625
1350000 5.444444444444445 0.125
1400000 5.111111111111111 0.15625
1450000 5.583333333333333 0.8125
1500000 5.555555555555555 0.171875
1550000 5.166666666666667 0.15625
1600000 5.555555555555555 0.125
1650000 5.555555555555555 0.15625
1700000 5.472222222222222 0.140625
1750000 5.555555555555555 0.140625
1800000 5.361111111111111 0.140625
1850000 5.555555555555555 0.15625
1900000 5.527777777777778 0.125
1950000 5.444444444444445 0.125
2000000 5.555555555555555 0.140625
2050000 5.305555555555555 0.125
2100000 5.416666666666667 0.140625
2150000 5.555555555555555 0.171875
2200000 5.555555555555555 0.140625
2250000 5.361111111111111 0.078125
2300000 5.555555555555555 0.734375
2350000 5.555555555555555 0.140625
2400000 5.555555555555555 0.09375
2450000 5.583333333333333 0.15625
2500000 5.555555555555555 0.15625
2550000 5.277777777777778 0.125
2600000 5.555555555555555 0.140625
2650000 5.583333333333333 0.15625
2700000 5.555555555555555 0.140625
2750000 5.555555555555555 0.125
2800000 5.555555555555555 0.15625
2850000 5.555555555555555 0.125
2900000 5.555555555555555 0.640625
2950000 5.555555555555555 0.15625
3000000 5.555555555555555 0.140625
