50000 0.1111111111111111 0.06264058200031286
100000 1.5277777777777777 0.09521271599805914
150000 1.4722222222222223 0.09894584699941333
200000 0.6111111111111112 0.09899470900199958
250000 1.5555555555555556 0.09946801599653554
300000 2.4444444444444446 0.10171189399989089
350000 3.111111111111111 0.10192794899921864
400000 3.5555555555555554 0.10284461700211978
450000 3.361111111111111 0.10274937999929534
500000 3.8055555555555554 0.10296258000016678
550000 3.9166666666666665 0.10263690899955691
600000 3.8333333333333335 0.10207535600056872
650000 3.9722222222222223 0.10314884999752394
700000 3.8055555555555554 0.1023872610021499
750000 3.9444444444444446 0.10283765600252082
800000 4.027777777777778 0.1023636659992917
850000 3.9722222222222223 0.10257937999995193
900000 4.027777777777778 0.10309620999760227
950000 3.9444444444444446 0.10249604500131682
1000000 3.9722222222222223 0.10228476700285682
1050000 3.9722222222222223 0.10258818600414088
1100000 4.083333333333333 0.10277752199908718
1150000 4.138888888888889 0.10243121200619498
1200000 3.9722222222222223 0.10257744599948637
1250000 4.194444444444445 0.10271125900180778
1300000 4.305555555555555 0.1028791629942134
1350000 4.388888888888889 0.10222043700196082
1400000 4.305555555555555 0.10250906799774384
1450000 4.277777777777778 0.10293973499938147
1500000 4.416666666666667 0.1033259310061112
1550000 4.361111111111111 0.10272634599823505
1600000 4.388888888888889 0.10306526200292865
1650000 4.416666666666667 0.10311423399980413
1700000 4.361111111111111 0.10274749599921051
1750000 4.25 0.10274373900028877
1800000 4.361111111111111 0.10305788799450966
1850000 4.25 0.10237922399392119
1900000 4.361111111111111 0.10283896700275363
1950000 4.25 0.10297824800363742
2000000 4.361111111111111 0.10288983200007351
2050000 4.361111111111111 0.10310088800179074
2100000 4.361111111111111 0.10259383799711941
2150000 4.361111111111111 0.10305746700032614
2200000 4.444444444444445 0.10285752100026002
2250000 4.166666666666667 0.10289490099967225
2300000 4.5 0.10293516800447833
2350000 4.527777777777778 0.10255016399605665
2400000 4.416666666666667 0.10281083500012755
2450000 4.527777777777778 0.10293434600316687
2500000 4.694444444444445 0.1034156699970481
2550000 4.694444444444445 0.10292590199969709
2600000 4.75 0.10277563799900236
2650000 4.694444444444445 0.10272478299884824
2700000 4.444444444444445 0.10264571299921954
2750000 4.638888888888889 0.10281905000010738
2800000 4.805555555555555 0.10318483599985484
2850000 4.527777777777778 0.10261693999927957
2900000 4.555555555555555 0.10288553500140551
2950000 4.638888888888889 0.10297199599881424
3000000 4.583333333333333 0.10243681399879279
