50000 5.111111111111111 0.15625
100000 5.388888888888889 0.140625
150000 5.527777777777778 0.15625
200000 5.5 0.140625
250000 5.527777777777778 0.234375
300000 5.527777777777778 0.15625
350000 5.5 0.125
400000 5.5 0.15625
450000 5.083333333333333 0.15625
500000 5.027777777777778 0.15625
550000 4.972222222222222 0.109375
600000 5.5 0.140625
650000 5.055555555555555 0.140625
700000 5.055555555555555 0.140625
750000 5.555555555555555 0.171875
800000 5.555555555555555 0.140625
850000 5.555555555555555 0.28125
900000 5.444444444444445 0.09375
950000 5.472222222222222 0.140625
1000000 5.583333333333333 0.140625
1050000 5.555555555555555 0.140625
1100000 5.555555555555555 0.15625
1150000 4.972222222222222 0.125
1200000 5.555555555555555 0.125
1250000 4.611111111111111 0.15625
1300000 5.416666666666667 0.125
1350000 5.527777777777778 0.109375
1400000 5.527777777777778 0.15625
1450000 5.194444444444445 0.625
1500000 5.027777777777778 0.171875
1550000 5.416666666666667 0.09375
1600000 5.583333333333333 0.171875
1650000 5.583333333333333 0.09375
1700000 5.583333333333333 0.09375
1750000 5.583333333333333 0.140625
1800000 5.5 0.15625
1850000 5.444444444444445 0.140625
1900000 5.583333333333333 0.125
1950000 5.444444444444445 0.125
2000000 5.583333333333333 0.140625
2050000 5.583333333333333 0.15625
2100000 5.444444444444445 0.09375
2150000 5.583333333333333 0.15625
2200000 5.583333333333333 0.171875
2250000 5.222222222222222 0.15625
2300000 5.583333333333333 0.578125
2350000 5.583333333333333 0.125
2400000 5.583333333333333 0.15625
2450000 5.388888888888889 0.15625
2500000 5.583333333333333 0.15625
2550000 5.583333333333333 0.15625
2600000 5.583333333333333 0.109375
2650000 5.583333333333333 0.140625
2700000 5.583333333333333 0.140625
2750000 5.583333333333333 0.140625
2800000 5.555555555555555 0.15625
2850000 5.583333333333333 0.15625
2900000 4.944444444444445 0.765625
2950000 5.583333333333333 0.171875
3000000 5.583333333333333 0.125
