50000 0.1111111111111111 0.046875
100000 1.5 0.609375
150000 1.0277777777777777 0.53125
200000 0.7222222222222222 0.6875
250000 1.8055555555555556 0.515625
300000 2.75 0.5
350000 3.4444444444444446 0.6875
400000 3.611111111111111 0.609375
450000 4.138888888888889 0.8125
500000 4.472222222222222 0.671875
550000 4.611111111111111 0.71875
600000 4.666666666666667 0.671875
650000 4.638888888888889 0.546875
700000 4.583333333333333 0.578125
750000 4.472222222222222 0.546875
800000 4.361111111111111 0.859375
850000 4.138888888888889 0.78125
900000 4.305555555555555 0.71875
950000 4.416666666666667 0.671875
1000000 4.305555555555555 0.65625
1050000 4.305555555555555 0.75
1100000 4.5 0.609375
1150000 4.527777777777778 0.796875
1200000 4.416666666666667 0.734375
1250000 4.388888888888889 0.59375
1300000 4.388888888888889 0.703125
1350000 4.361111111111111 0.71875
1400000 4.416666666666667 0.59375
1450000 4.611111111111111 0.546875
1500000 4.611111111111111 0.5625
1550000 4.777777777777778 0.59375
1600000 4.611111111111111 0.703125
1650000 4.777777777777778 0.546875
1700000 4.777777777777778 0.609375
1750000 4.805555555555555 0.625
1800000 4.472222222222222 0.6875
1850000 4.805555555555555 0.5625
1900000 4.666666666666667 0.4375
1950000 4.472222222222222 0.546875
2000000 4.638888888888889 0.671875
2050000 4.638888888888889 0.828125
2100000 4.305555555555555 0.890625
2150000 4.361111111111111 0.609375
2200000 4.75 0.5625
2250000 4.555555555555555 0.75
2300000 4.444444444444445 0.59375
2350000 4.611111111111111 0.734375
2400000 4.777777777777778 0.796875
2450000 4.5 0.640625
2500000 4.722222222222222 0.5625
2550000 4.638888888888889 0.515625
2600000 4.694444444444445 0.578125
2650000 4.666666666666667 0.671875
2700000 4.611111111111111 0.578125
2750000 4.583333333333333 0.640625
2800000 4.722222222222222 0.546875
2850000 4.722222222222222 0.6875
2900000 4.972222222222222 0.484375
2950000 4.777777777777778 0.703125
3000000 4.972222222222222 0.609375
