50000 0.1388888888888889 0.055919436999829486
100000 1.3055555555555556 0.0980905120013631
150000 0.9166666666666666 0.09714779400383122
200000 0.8055555555555556 0.10108839500026079
250000 1.5555555555555556 0.09873967900057323
300000 2.0833333333333335 0.10236038099537836
350000 2.611111111111111 0.10203865700168535
400000 2.6944444444444446 0.1024393279949436
450000 3.111111111111111 0.1024646650039358
500000 3.5 0.10305959100514883
550000 3.6666666666666665 0.1025183570018271
600000 3.638888888888889 0.10292543900141027
650000 3.7222222222222223 0.10258222599804867
700000 4.111111111111111 0.10317306400247617
750000 4.277777777777778 0.10316111100109993
800000 4.333333333333333 0.10312057599367108
850000 4.305555555555555 0.10255461400083732
900000 4.25 0.10288824899907922
950000 4.222222222222222 0.10187043200130574
1000000 4.444444444444445 0.10271793100400828
1050000 4.361111111111111 0.1028841429942986
1100000 4.444444444444445 0.10273200600204291
1150000 4.444444444444445 0.10270312299689976
1200000 4.638888888888889 0.10335689899511635
1250000 4.666666666666667 0.10288808000041172
1300000 4.638888888888889 0.10262266099744011
1350000 4.638888888888889 0.10270947399840225
1400000 4.666666666666667 0.10306738399958704
1450000 4.666666666666667 0.10275181399629219
1500000 4.666666666666667 0.10259526000299957
1550000 4.75 0.10272813000483438
1600000 4.777777777777778 0.10277723100443836
1650000 4.722222222222222 0.10278381500393152
1700000 4.722222222222222 0.10180014000070514
1750000 4.777777777777778 0.10253672099497635
1800000 4.777777777777778 0.10258054300356889
1850000 4.777777777777778 0.10239247999561485
1900000 4.777777777777778 0.10277467700507259
1950000 4.75 0.10234063200186938
2000000 4.777777777777778 0.10283838600298623
2050000 4.777777777777778 0.1024284590021125
2100000 4.75 0.10310681800183374
2150000 4.75 0.10303733999899123
2200000 4.777777777777778 0.10261347399500664
2250000 4.75 0.10241912000492448
2300000 4.777777777777778 0.10253524599829689
2350000 4.777777777777778 0.10274055199988652
2400000 4.75 0.10245682099775877
2450000 4.777777777777778 0.10297016300319228
2500000 4.75 0.10258340700238477
2550000 4.777777777777778 0.10264730799826793
2600000 4.833333333333333 0.10367303100065328
2650000 4.833333333333333 0.10271805999946082
2700000 4.805555555555555 0.10321661600028165
2750000 4.805555555555555 0.1029619780019857
2800000 4.833333333333333 0.10264974299934693
2850000 4.833333333333333 0.10266152399708517
2900000 4.805555555555555 0.10222203099692706
2950000 4.833333333333333 0.10305644599429797
3000000 4.861111111111111 0.1023862080037361
