50000 0.3333333333333333 0.06425077199673979
100000 2.361111111111111 0.09563305399933597
150000 1.8888888888888888 0.09625428899744293
200000 1.2222222222222223 0.09856056299759075
250000 2.1666666666666665 0.09923261299991282
300000 2.9166666666666665 0.10192074500082526
350000 3.0277777777777777 0.10195976899922243
400000 3.5833333333333335 0.10257549200105132
450000 4.055555555555555 0.10276111099665286
500000 3.888888888888889 0.10302766300083022
550000 4.138888888888889 0.1015437070018379
600000 4.083333333333333 0.1011031029993319
650000 4.138888888888889 0.10198223000043072
700000 4.527777777777778 0.10246835299767554
750000 4.555555555555555 0.10306143499838072
800000 4.5 0.10312930199870607
850000 4.388888888888889 0.10305584399975487
900000 4.333333333333333 0.10304817900032504
950000 4.472222222222222 0.10279276200162712
1000000 4.527777777777778 0.10313957100152038
1050000 4.5 0.10313656599828391
1100000 4.555555555555555 0.10353341899826773
1150000 4.527777777777778 0.10396291600045515
1200000 4.555555555555555 0.10351348199765198
1250000 4.444444444444445 0.10361195699806558
1300000 4.638888888888889 0.104614058000152
1350000 4.611111111111111 0.10322949000328663
1400000 4.583333333333333 0.10282095399816171
1450000 4.722222222222222 0.10317733100237092
1500000 4.75 0.10308013000030769
1550000 4.694444444444445 0.10314650500004063
1600000 4.666666666666667 0.10304375199848437
1650000 4.638888888888889 0.1031390600001032
1700000 4.638888888888889 0.10326741300013964
1750000 4.777777777777778 0.10332047100018826
1800000 4.777777777777778 0.10363521999897785
1850000 4.777777777777778 0.10338001199852442
1900000 4.777777777777778 0.10327903200231958
1950000 4.805555555555555 0.10275411800103029
2000000 4.805555555555555 0.10361188599927118
2050000 4.805555555555555 0.10307388699948206
2100000 4.805555555555555 0.1030003889973159
2150000 4.805555555555555 0.10260367599767051
2200000 4.75 0.10243712499868707
2250000 4.861111111111111 0.1028746339979989
2300000 4.861111111111111 0.10283613199862884
2350000 4.861111111111111 0.10312457400141284
2400000 4.861111111111111 0.10282048199951532
2450000 4.861111111111111 0.10276031899775262
2500000 4.833333333333333 0.10322677500153077
2550000 4.861111111111111 0.10311521599942353
2600000 4.861111111111111 0.10323733400218771
2650000 4.861111111111111 0.10323903799871914
2700000 4.888888888888889 0.10292364600172732
2750000 4.861111111111111 0.10289433200159692
2800000 4.888888888888889 0.10279621699737618
2850000 4.833333333333333 0.103093573001388
2900000 4.916666666666667 0.10305294900172157
2950000 4.916666666666667 0.10302409399810131
3000000 4.833333333333333 0.10291767500166316
