50000 0.1111111111111111 0.078125
100000 1.3333333333333333 0.5
150000 1.3333333333333333 0.546875
200000 0.8611111111111112 0.53125
250000 1.5833333333333333 0.640625
300000 2.3055555555555554 0.8125
350000 3.0 0.703125
400000 3.4444444444444446 0.90625
450000 3.6944444444444446 0.671875
500000 3.7222222222222223 0.546875
550000 3.638888888888889 0.71875
600000 3.8333333333333335 0.5625
650000 3.9166666666666665 0.671875
700000 3.9722222222222223 0.703125
750000 4.027777777777778 0.765625
800000 4.083333333333333 0.71875
850000 4.111111111111111 0.53125
900000 4.166666666666667 0.765625
950000 4.194444444444445 0.703125
1000000 4.222222222222222 0.6875
1050000 4.222222222222222 0.765625
1100000 4.194444444444445 0.765625
1150000 4.222222222222222 0.84375
1200000 4.166666666666667 0.640625
1250000 4.222222222222222 0.71875
1300000 4.222222222222222 0.46875
1350000 4.222222222222222 0.53125
1400000 4.277777777777778 0.75
1450000 4.305555555555555 0.625
1500000 4.333333333333333 0.734375
1550000 4.305555555555555 1.015625
1600000 4.277777777777778 0.546875
1650000 4.416666666666667 0.828125
1700000 4.416666666666667 0.640625
1750000 4.277777777777778 0.921875
1800000 4.444444444444445 0.890625
1850000 4.444444444444445 0.640625
1900000 4.5 0.953125
1950000 4.5 0.671875
2000000 4.5 0.875
2050000 4.5 0.75
2100000 4.5 0.84375
2150000 4.5 0.75
2200000 4.5 1.125
2250000 4.5 1.0
2300000 4.5 0.75
2350000 4.527777777777778 0.546875
2400000 4.5 0.734375
2450000 4.388888888888889 0.6875
2500000 4.583333333333333 0.5
2550000 4.638888888888889 1.0
2600000 4.583333333333333 0.875
2650000 4.611111111111111 0.75
2700000 4.638888888888889 1.125
2750000 4.555555555555555 0.875
2800000 4.388888888888889 1.09375
2850000 4.638888888888889 0.984375
2900000 4.583333333333333 1.125
2950000 4.611111111111111 0.875
3000000 4.555555555555555 1.046875
