50000 0.1388888888888889 0.05555540500063216
100000 1.1944444444444444 0.09570321499995771
150000 1.3333333333333333 0.09636687000056554
200000 0.6388888888888888 0.09913171500011231
250000 1.25 0.1029835399986041
300000 1.6944444444444444 0.10256216800007678
350000 1.7777777777777777 0.10241233699889563
400000 1.9722222222222223 0.10198759100057941
450000 2.3333333333333335 0.10150346299997182
500000 2.5277777777777777 0.10163077200013504
550000 2.611111111111111 0.10130262599886919
600000 2.7777777777777777 0.10206239199942502
650000 2.7777777777777777 0.1026048890016682
700000 3.0 0.10222346399859816
750000 3.361111111111111 0.10272543499922904
800000 3.4166666666666665 0.10222472600071342
850000 3.5555555555555554 0.10200981200068782
900000 3.7222222222222223 0.1021422719986731
950000 3.7777777777777777 0.10250817700034531
1000000 3.6666666666666665 0.10221859400007816
1050000 3.611111111111111 0.10201101399979962
1100000 3.7222222222222223 0.10262640900145925
1150000 3.7777777777777777 0.1024050249998254
1200000 3.75 0.10244215300008364
1250000 3.6666666666666665 0.10220337600003404
1300000 3.75 0.10237518799840473
1350000 3.75 0.10248102600053244
1400000 3.75 0.10243959900071786
1450000 3.861111111111111 0.10254327300026489
1500000 4.027777777777778 0.102199348000795
1550000 4.083333333333333 0.10270897400005197
1600000 4.055555555555555 0.10266971999953967
1650000 4.027777777777778 0.10284203400078695
1700000 4.111111111111111 0.10344080499999109
1750000 4.166666666666667 0.10265015400000266
1800000 4.277777777777778 0.10236115100087773
1850000 4.333333333333333 0.1024789029997919
1900000 4.25 0.10318154100059473
1950000 4.25 0.10263623799983179
2000000 4.333333333333333 0.10316737299945089
2050000 4.277777777777778 0.10276336499919125
2100000 4.361111111111111 0.10279768999862426
2150000 4.444444444444445 0.10281116500118515
2200000 4.5 0.10309146100007638
2250000 4.5 0.1030284019998362
2300000 4.5 0.10297679599898402
2350000 4.416666666666667 0.10270717999992485
2400000 4.5 0.10225445200012473
2450000 4.416666666666667 0.10227468899938685
2500000 4.416666666666667 0.10285521900004824
2550000 4.5 0.10262387399961881
2600000 4.416666666666667 0.10308719400018163
2650000 4.333333333333333 0.10290557199914474
2700000 4.5 0.1029669780000404
2750000 4.5 0.10305164599958516
2800000 4.5 0.10292777399990882
2850000 4.416666666666667 0.1039811490009015
2900000 4.583333333333333 0.1030176330004906
2950000 4.416666666666667 0.10302921300171874
3000000 4.444444444444445 0.1029441640002915
