50000 5.166666666666667 0.15625
100000 5.444444444444445 0.078125
150000 5.444444444444445 0.140625
200000 5.5 0.09375
250000 5.333333333333333 0.09375
300000 5.555555555555555 0.078125
350000 5.555555555555555 0.140625
400000 5.555555555555555 0.109375
450000 5.555555555555555 0.15625
500000 5.333333333333333 0.140625
550000 5.194444444444445 0.140625
600000 5.416666666666667 0.0625
650000 4.916666666666667 0.109375
700000 5.5 0.140625
750000 5.0 0.15625
800000 5.583333333333333 0.140625
850000 5.305555555555555 0.8125
900000 5.583333333333333 0.09375
950000 5.583333333333333 0.140625
1000000 5.361111111111111 0.140625
1050000 5.472222222222222 0.140625
1100000 5.583333333333333 0.078125
1150000 5.5 0.109375
1200000 5.583333333333333 0.15625
1250000 5.583333333333333 0.15625
1300000 5.527777777777778 0.125
1350000 5.5 0.078125
1400000 5.555555555555555 0.109375
1450000 5.583333333333333 1.0
1500000 5.416666666666667 0.125
1550000 5.583333333333333 0.09375
1600000 4.555555555555555 0.109375
1650000 5.5 0.125
1700000 5.555555555555555 0.3125
1750000 5.527777777777778 0.140625
1800000 5.583333333333333 0.140625
1850000 5.583333333333333 0.078125
1900000 5.555555555555555 0.125
1950000 5.361111111111111 0.078125
2000000 5.583333333333333 0.078125
2050000 5.583333333333333 0.078125
2100000 5.611111111111111 0.078125
2150000 5.583333333333333 0.078125
2200000 5.611111111111111 0.0625
2250000 5.5 0.0625
2300000 5.333333333333333 0.75
2350000 5.194444444444445 0.078125
2400000 5.611111111111111 0.0625
2450000 5.611111111111111 0.078125
2500000 5.5 0.078125
2550000 5.611111111111111 0.0625
2600000 5.611111111111111 0.0625
2650000 5.611111111111111 0.0625
2700000 5.611111111111111 0.078125
2750000 5.5 0.078125
2800000 5.611111111111111 0.078125
2850000 4.611111111111111 0.078125
2900000 5.527777777777778 0.875
2950000 5.527777777777778 0.078125
3000000 5.527777777777778 0.078125
