50000 4.944444444444445 0.12559114399846294
100000 5.388888888888889 0.1243788419997145
150000 5.388888888888889 0.1244594630006759
200000 5.388888888888889 0.1251151119977294
250000 5.388888888888889 0.12478456100143376
300000 5.388888888888889 0.12579141099922708
350000 5.388888888888889 0.12579144200208248
400000 5.388888888888889 0.12537569199776044
450000 5.416666666666667 0.12499462699997821
500000 5.388888888888889 0.12435810299939476
550000 5.444444444444445 0.12390173700259766
600000 5.472222222222222 0.12478450300113764
650000 5.388888888888889 0.1247065659990767
700000 5.333333333333333 0.12494280000100844
750000 5.333333333333333 0.12339058799989289
800000 5.5 0.12471173700032523
850000 5.5 0.1256289260018093
900000 5.472222222222222 0.12400214599983883
950000 4.75 0.12445737800226198
1000000 3.7222222222222223 0.12234809400251834
1050000 5.666666666666667 0.12443045799955144
1100000 5.277777777777778 0.12397161699846038
1150000 4.972222222222222 0.12415746699844021
1200000 5.166666666666667 0.12404195999988588
1250000 5.138888888888889 0.12315011700047762
1300000 5.361111111111111 0.12513381900134846
1350000 5.222222222222222 0.12321386699841241
1400000 5.666666666666667 0.12475220299893408
1450000 5.666666666666667 0.12407325800086255
1500000 5.472222222222222 0.12450438599989866
1550000 5.666666666666667 0.12464790500234812
1600000 5.527777777777778 0.12442291399929672
1650000 5.666666666666667 0.12433926800076733
1700000 5.0 0.12277040499975556
1750000 5.666666666666667 0.1239765760001319
1800000 5.666666666666667 0.12458797500221408
1850000 5.361111111111111 0.12391782799750217
1900000 5.472222222222222 0.12429858099858393
1950000 5.666666666666667 0.12409372800175333
2000000 5.666666666666667 0.12459452600160148
2050000 5.388888888888889 0.1252053620046354
2100000 5.611111111111111 0.12512933900143253
2150000 5.666666666666667 0.12531930599652696
2200000 5.666666666666667 0.12396393299422925
2250000 5.555555555555555 0.12411432600492844
2300000 5.666666666666667 0.12498853499710094
2350000 5.5 0.12388861299405107
2400000 5.5 0.124501820995647
2450000 5.666666666666667 0.12417230400023982
2500000 5.611111111111111 0.12304080399917439
2550000 5.555555555555555 0.1237008899988723
2600000 5.638888888888889 0.1255447389994515
2650000 5.666666666666667 0.12468363199877786
2700000 5.666666666666667 0.12422606499603717
2750000 5.611111111111111 0.12441255500016268
2800000 5.666666666666667 0.12354165200667921
2850000 5.666666666666667 0.12367307700333185
2900000 5.666666666666667 0.12412118900101632
2950000 5.666666666666667 0.12476537700422341
3000000 5.638888888888889 0.12463872900116257
