50000 0.16666666666666666 0.078125
100000 1.2222222222222223 0.65625
150000 0.6944444444444444 0.6875
200000 0.7777777777777778 0.609375
250000 1.3611111111111112 0.640625
300000 2.1666666666666665 0.65625
350000 2.75 0.8125
400000 3.3055555555555554 0.78125
450000 3.361111111111111 0.640625
500000 3.5 0.65625
550000 3.5833333333333335 0.5625
600000 3.4722222222222223 0.453125
650000 3.6944444444444446 0.546875
700000 3.7222222222222223 0.546875
750000 3.7222222222222223 0.59375
800000 3.8055555555555554 0.640625
850000 3.9166666666666665 0.609375
900000 3.9722222222222223 0.625
950000 4.027777777777778 0.546875
1000000 4.0 0.6875
1050000 3.8333333333333335 0.8125
1100000 4.055555555555555 0.828125
1150000 4.111111111111111 0.71875
1200000 4.055555555555555 0.71875
1250000 4.0 0.75
1300000 4.166666666666667 0.765625
1350000 4.194444444444445 0.8125
1400000 4.194444444444445 0.71875
1450000 4.194444444444445 0.625
1500000 4.166666666666667 0.578125
1550000 4.305555555555555 0.515625
1600000 4.333333333333333 0.734375
1650000 4.444444444444445 0.578125
1700000 4.416666666666667 0.59375
1750000 4.416666666666667 0.59375
1800000 4.25 0.484375
1850000 4.25 0.640625
1900000 4.416666666666667 0.78125
1950000 4.25 0.796875
2000000 4.305555555555555 0.8125
2050000 4.277777777777778 0.75
2100000 4.472222222222222 0.84375
2150000 4.472222222222222 0.515625
2200000 4.472222222222222 0.5
2250000 4.305555555555555 0.578125
2300000 4.472222222222222 0.59375
2350000 4.472222222222222 0.671875
2400000 4.472222222222222 0.515625
2450000 4.444444444444445 0.859375
2500000 4.5 0.796875
2550000 4.333333333333333 0.765625
2600000 4.527777777777778 0.609375
2650000 4.472222222222222 0.703125
2700000 4.555555555555555 0.671875
2750000 4.5 0.6875
2800000 4.5 0.734375
2850000 4.5 0.765625
2900000 4.583333333333333 0.71875
2950000 4.527777777777778 0.59375
3000000 4.305555555555555 0.703125
