50000 4.833333333333333 0.109375
100000 5.444444444444445 0.15625
150000 5.555555555555555 0.15625
200000 5.555555555555555 0.15625
250000 5.083333333333333 0.140625
300000 5.416666666666667 0.125
350000 3.9444444444444446 0.140625
400000 5.444444444444445 0.09375
450000 5.111111111111111 0.171875
500000 5.555555555555555 0.15625
550000 5.472222222222222 0.140625
600000 5.194444444444445 0.140625
650000 5.555555555555555 0.125
700000 5.583333333333333 0.15625
750000 5.388888888888889 0.15625
800000 5.583333333333333 0.109375
850000 5.527777777777778 0.40625
900000 5.527777777777778 0.15625
950000 5.472222222222222 0.15625
1000000 5.5 0.140625
1050000 5.583333333333333 0.125
1100000 5.416666666666667 0.140625
1150000 5.583333333333333 0.15625
1200000 5.361111111111111 0.078125
1250000 5.527777777777778 0.109375
1300000 5.111111111111111 0.140625
1350000 5.583333333333333 0.171875
1400000 5.5 0.125
1450000 5.166666666666667 0.625
1500000 5.527777777777778 0.140625
1550000 5.555555555555555 0.15625
1600000 5.583333333333333 0.15625
1650000 4.527777777777778 0.140625
1700000 5.527777777777778 0.15625
1750000 5.472222222222222 0.09375
1800000 5.0 0.09375
1850000 5.472222222222222 0.15625
1900000 4.638888888888889 0.171875
1950000 5.583333333333333 0.15625
2000000 5.583333333333333 0.140625
2050000 5.166666666666667 0.140625
2100000 5.416666666666667 0.15625
2150000 5.583333333333333 0.125
2200000 5.5 0.140625
2250000 5.416666666666667 0.140625
2300000 5.583333333333333 0.328125
2350000 5.555555555555555 0.109375
2400000 5.472222222222222 0.15625
2450000 5.583333333333333 0.125
2500000 5.583333333333333 0.15625
2550000 5.583333333333333 0.140625
2600000 5.5 0.125
2650000 5.583333333333333 0.140625
2700000 5.583333333333333 0.125
2750000 5.583333333333333 0.09375
2800000 5.611111111111111 0.15625
2850000 5.194444444444445 0.09375
2900000 5.0 0.609375
2950000 5.472222222222222 0.140625
3000000 5.5 0.15625
