50000 0.25 0.0625
100000 1.25 0.53125
150000 1.0555555555555556 0.578125
200000 0.9444444444444444 0.734375
250000 1.5555555555555556 0.75
300000 2.2222222222222223 0.703125
350000 2.5277777777777777 0.578125
400000 3.1944444444444446 0.734375
450000 3.3333333333333335 0.421875
500000 3.388888888888889 0.578125
550000 3.5555555555555554 0.53125
600000 3.7777777777777777 0.578125
650000 3.7222222222222223 0.71875
700000 4.083333333333333 0.59375
750000 4.0 0.578125
800000 4.083333333333333 0.578125
850000 4.083333333333333 0.65625
900000 4.277777777777778 0.84375
950000 4.25 0.625
1000000 4.277777777777778 0.5
1050000 4.25 0.515625
1100000 4.222222222222222 0.671875
1150000 4.166666666666667 0.5
1200000 4.194444444444445 0.71875
1250000 4.166666666666667 0.734375
1300000 4.166666666666667 0.828125
1350000 4.194444444444445 0.828125
1400000 4.25 0.65625
1450000 4.277777777777778 0.578125
1500000 4.25 0.6875
1550000 4.277777777777778 0.609375
1600000 4.222222222222222 0.609375
1650000 4.138888888888889 0.703125
1700000 4.305555555555555 0.71875
1750000 4.305555555555555 0.765625
1800000 4.25 0.609375
1850000 4.138888888888889 0.59375
1900000 4.222222222222222 0.53125
1950000 4.0 0.625
2000000 4.166666666666667 0.484375
2050000 4.194444444444445 0.515625
2100000 4.222222222222222 0.578125
2150000 4.027777777777778 0.640625
2200000 4.222222222222222 0.5625
2250000 4.083333333333333 0.4375
2300000 4.166666666666667 0.640625
2350000 4.083333333333333 0.53125
2400000 4.083333333333333 0.671875
2450000 4.194444444444445 0.734375
2500000 4.277777777777778 0.8125
2550000 4.388888888888889 0.640625
2600000 4.25 0.75
2650000 4.333333333333333 0.59375
2700000 4.333333333333333 0.71875
2750000 4.416666666666667 0.78125
2800000 4.416666666666667 0.734375
2850000 4.333333333333333 0.75
2900000 4.444444444444445 0.734375
2950000 4.444444444444445 0.703125
3000000 4.472222222222222 0.6875
