50000 0.2222222222222222 0.06102166599885095
100000 1.0833333333333333 0.09286869000061415
150000 1.1666666666666667 0.0978200450008444
200000 0.8611111111111112 0.09777486999882967
250000 1.5277777777777777 0.10066331800044281
300000 2.2222222222222223 0.10335576600118657
350000 3.0833333333333335 0.10342164999747183
400000 3.861111111111111 0.10311345199806965
450000 4.027777777777778 0.10303540599852568
500000 4.222222222222222 0.10305910999886692
550000 4.277777777777778 0.10321536400078912
600000 4.166666666666667 0.1031267280013708
650000 4.527777777777778 0.1027131709997775
700000 4.555555555555555 0.10311380399798509
750000 4.583333333333333 0.10279717899902607
800000 4.555555555555555 0.10295196900187875
850000 4.611111111111111 0.10310486700109323
900000 4.361111111111111 0.10261863299820106
950000 4.472222222222222 0.10293363399978261
1000000 4.638888888888889 0.10304240000186837
1050000 4.555555555555555 0.10303590599869494
1100000 4.555555555555555 0.10260071000084281
1150000 4.583333333333333 0.10289156599901617
1200000 4.666666666666667 0.10297608499968192
1250000 4.694444444444445 0.10264002400072059
1300000 4.694444444444445 0.10309212200081674
1350000 4.583333333333333 0.10258040299959248
1400000 4.583333333333333 0.10258251599952928
1450000 4.694444444444445 0.10239719900346245
1500000 4.666666666666667 0.10300102100154618
1550000 4.694444444444445 0.10291091199906077
1600000 4.694444444444445 0.1030401250027353
1650000 4.722222222222222 0.1032654780028679
1700000 4.583333333333333 0.1029018349981925
1750000 4.638888888888889 0.10296853000181727
1800000 4.75 0.10298255700035952
1850000 4.694444444444445 0.10328208799910499
1900000 4.722222222222222 0.1029560169990873
1950000 4.75 0.10293599800206721
2000000 4.916666666666667 0.10306185599984019
2050000 4.916666666666667 0.10309695999967516
2100000 4.916666666666667 0.10349857400069595
2150000 4.833333333333333 0.10300756299693603
2200000 4.916666666666667 0.1028768680007488
2250000 4.916666666666667 0.10302814199894783
2300000 4.833333333333333 0.10288481200041133
2350000 4.861111111111111 0.10308124100265559
2400000 4.944444444444445 0.1028417730012734
2450000 4.944444444444445 0.10268904699842096
2500000 4.944444444444445 0.10264857000220218
2550000 4.944444444444445 0.1025611859986384
2600000 4.861111111111111 0.102912104997813
2650000 4.861111111111111 0.10255226899971603
2700000 4.944444444444445 0.10257632400316652
2750000 4.861111111111111 0.10277449500063085
2800000 4.888888888888889 0.10301085999890347
2850000 4.888888888888889 0.10354505199939013
2900000 4.861111111111111 0.10303546599971014
2950000 4.861111111111111 0.10291798500111327
3000000 4.944444444444445 0.10256985200248891
