50000 5.111111111111111 0.12489498999639181
100000 5.333333333333333 0.12500258100044448
150000 4.972222222222222 0.12428991599881556
200000 5.277777777777778 0.12547342399921035
250000 5.388888888888889 0.12424582400126383
300000 5.388888888888889 0.12400494000030449
350000 5.416666666666667 0.12347226099518593
400000 5.416666666666667 0.12363231099880068
450000 4.25 0.12174510199838551
500000 5.416666666666667 0.12344194400066044
550000 5.222222222222222 0.12439402000018163
600000 5.166666666666667 0.12459599900466856
650000 5.361111111111111 0.12435324300167849
700000 5.25 0.12459100099658826
750000 5.444444444444445 0.12348378400201909
800000 5.444444444444445 0.12343184700148413
850000 5.444444444444445 0.12378804399486398
900000 5.416666666666667 0.12331856399396202
950000 5.444444444444445 0.12405143700016197
1000000 5.25 0.12305421700148145
1050000 5.305555555555555 0.12465019099909114
1100000 5.444444444444445 0.12310850899666548
1150000 5.444444444444445 0.12429750899900682
1200000 5.444444444444445 0.12430663499981165
1250000 5.194444444444445 0.12303169499500655
1300000 4.666666666666667 0.12300816200149711
1350000 5.444444444444445 0.12389578500005882
1400000 5.444444444444445 0.12386301399965305
1450000 5.388888888888889 0.12363277199619915
1500000 5.305555555555555 0.12393047099612886
1550000 5.444444444444445 0.12444860200048424
1600000 5.305555555555555 0.12503044399636565
1650000 5.444444444444445 0.12403392400301527
1700000 5.444444444444445 0.12359077399742091
1750000 5.444444444444445 0.12376737500017043
1800000 5.444444444444445 0.12369777399726445
1850000 5.444444444444445 0.12421648799499962
1900000 5.444444444444445 0.12506751299952157
1950000 5.444444444444445 0.12406543500401312
2000000 5.416666666666667 0.1256107930021244
2050000 5.444444444444445 0.12521927800116828
2100000 5.444444444444445 0.12431516200012993
2150000 5.444444444444445 0.12500363399885828
2200000 5.444444444444445 0.12347905500064371
2250000 5.444444444444445 0.12382598499971209
2300000 5.444444444444445 0.12419408500136342
2350000 5.138888888888889 0.1245255769972573
2400000 5.444444444444445 0.12504327700298745
2450000 5.444444444444445 0.12468581899884157
2500000 5.444444444444445 0.12552675500046462
2550000 5.416666666666667 0.12422477299696766
2600000 5.444444444444445 0.12425736399745801
2650000 5.361111111111111 0.12174551199859707
2700000 5.444444444444445 0.12329175299964845
2750000 4.138888888888889 0.12408168500405736
2800000 5.444444444444445 0.12327991000347538
2850000 5.444444444444445 0.1246072100038873
2900000 5.444444444444445 0.1232974140002625
2950000 5.444444444444445 0.12348121000104584
3000000 5.444444444444445 0.12508414399781032
