50000 5.027777777777778 0.0625
100000 4.416666666666667 0.078125
150000 5.25 0.15625
200000 5.444444444444445 0.109375
250000 5.0 0.125
300000 5.305555555555555 0.15625
350000 5.333333333333333 0.140625
400000 5.472222222222222 0.140625
450000 5.361111111111111 0.140625
500000 5.472222222222222 0.15625
550000 5.472222222222222 0.140625
600000 5.472222222222222 0.140625
650000 5.194444444444445 0.109375
700000 4.638888888888889 0.140625
750000 5.027777777777778 0.125
800000 5.444444444444445 0.125
850000 5.277777777777778 0.4375
900000 5.444444444444445 0.15625
950000 5.305555555555555 0.15625
1000000 5.472222222222222 0.15625
1050000 5.194444444444445 0.125
1100000 5.444444444444445 0.140625
1150000 5.361111111111111 0.125
1200000 5.444444444444445 0.15625
1250000 5.472222222222222 0.140625
1300000 5.444444444444445 0.171875
1350000 5.444444444444445 0.140625
1400000 5.361111111111111 0.15625
1450000 5.444444444444445 0.640625
1500000 5.472222222222222 0.15625
1550000 5.277777777777778 0.15625
1600000 5.472222222222222 0.15625
1650000 5.416666666666667 0.15625
1700000 5.472222222222222 0.125
1750000 5.472222222222222 0.15625
1800000 5.361111111111111 0.109375
1850000 5.138888888888889 0.078125
1900000 5.472222222222222 0.125
1950000 5.361111111111111 0.15625
2000000 5.472222222222222 0.125
2050000 4.555555555555555 0.15625
2100000 5.5 0.125
2150000 5.5 0.109375
2200000 5.222222222222222 0.15625
2250000 5.472222222222222 0.125
2300000 5.472222222222222 0.359375
2350000 5.361111111111111 0.09375
2400000 5.416666666666667 0.078125
2450000 5.361111111111111 0.140625
2500000 4.472222222222222 0.125
2550000 5.5 0.140625
2600000 5.5 0.15625
2650000 5.166666666666667 0.140625
2700000 5.194444444444445 0.15625
2750000 5.305555555555555 0.15625
2800000 5.5 0.15625
2850000 5.388888888888889 0.15625
2900000 5.527777777777778 0.890625
2950000 5.5 0.15625
3000000 5.361111111111111 0.125
