50000 4.805555555555555 0.12494842000160133
100000 5.388888888888889 0.12510747800115496
150000 5.416666666666667 0.12371674099995289
200000 5.444444444444445 0.12454471200180706
250000 5.416666666666667 0.12408594299631659
300000 5.444444444444445 0.12577178300125524
350000 5.444444444444445 0.12480204500025138
400000 5.444444444444445 0.12439911100227619
450000 5.416666666666667 0.1249964290036587
500000 5.444444444444445 0.12460758999804966
550000 5.444444444444445 0.12521117299911566
600000 5.444444444444445 0.12434085099812364
650000 5.25 0.12606597699777922
700000 5.111111111111111 0.1238004459955846
750000 5.277777777777778 0.12499514799856115
800000 5.444444444444445 0.12454262000392191
850000 5.444444444444445 0.12491170100111049
900000 5.444444444444445 0.12506663100066362
950000 5.444444444444445 0.12568875899887644
1000000 5.444444444444445 0.1250457530040876
1050000 5.444444444444445 0.1256444550017477
1100000 4.916666666666667 0.12480333700659685
1150000 5.444444444444445 0.12516446500376333
1200000 5.305555555555555 0.12526443300157553
1250000 5.444444444444445 0.12459530599880964
1300000 5.361111111111111 0.12567917100386694
1350000 5.444444444444445 0.12407834799523698
1400000 5.444444444444445 0.12436704999709036
1450000 5.055555555555555 0.12449406900122995
1500000 5.444444444444445 0.12529049099975964
1550000 5.416666666666667 0.12462677800067468
1600000 5.277777777777778 0.12465790499845752
1650000 5.444444444444445 0.1255560499994317
1700000 5.444444444444445 0.1253167899994878
1750000 5.333333333333333 0.12337859500257764
1800000 5.277777777777778 0.12520971999765607
1850000 5.444444444444445 0.12533099699794548
1900000 5.361111111111111 0.12462280799809378
1950000 5.444444444444445 0.12466537900036201
2000000 5.361111111111111 0.12347714000497945
2050000 5.333333333333333 0.12256664400047157
2100000 5.416666666666667 0.12463879899587482
2150000 5.444444444444445 0.1250456130001112
2200000 5.444444444444445 0.12411579900071956
2250000 5.333333333333333 0.12475967699720059
2300000 5.444444444444445 0.12431768699752865
2350000 5.444444444444445 0.12429511499794899
2400000 5.444444444444445 0.1256102710030973
2450000 5.25 0.12414978299784707
2500000 5.444444444444445 0.12492598699463997
2550000 5.444444444444445 0.12435951600491535
2600000 5.444444444444445 0.12541480400250293
2650000 5.444444444444445 0.1239713879986084
2700000 4.694444444444445 0.12425511000037659
2750000 5.472222222222222 0.12487234699801775
2800000 4.861111111111111 0.12157270000170683
2850000 5.472222222222222 0.12521108200598974
2900000 5.472222222222222 0.12475877399992896
2950000 5.472222222222222 0.12495146500441479
3000000 5.472222222222222 0.12528894799470436
