50000 0.1388888888888889 0.06591981199926522
100000 1.5 0.09919759900003555
150000 1.3055555555555556 0.09883595900009823
200000 0.6111111111111112 0.09967759900064266
250000 1.2777777777777777 0.10000645499894745
300000 3.111111111111111 0.1030239840001741
350000 3.638888888888889 0.10227510900040215
400000 3.9444444444444446 0.10286357499899168
450000 4.027777777777778 0.10147413900085667
500000 4.305555555555555 0.10319308200087107
550000 4.416666666666667 0.10310458499952802
600000 4.444444444444445 0.1029759440007183
650000 4.527777777777778 0.1030436600012763
700000 4.555555555555555 0.10348452700054622
750000 4.333333333333333 0.10284898700047052
800000 4.333333333333333 0.10264506299972709
850000 4.361111111111111 0.10316093100118451
900000 4.138888888888889 0.10132869400149502
950000 4.416666666666667 0.10340146199996525
1000000 4.444444444444445 0.1032531740002014
1050000 4.444444444444445 0.10346167399984552
1100000 4.5 0.10272348100079398
1150000 4.5 0.10318814200036286
1200000 4.5 0.10326002600049833
1250000 4.472222222222222 0.10319177000019408
1300000 4.5 0.1031631149999157
1350000 4.527777777777778 0.1031237709994457
1400000 4.527777777777778 0.10320747800142271
1450000 4.638888888888889 0.10288158699950145
1500000 4.638888888888889 0.10299130200110085
1550000 4.666666666666667 0.10348319599870592
1600000 4.666666666666667 0.10321197700068296
1650000 4.694444444444445 0.10301541799890401
1700000 4.638888888888889 0.10289973100043426
1750000 4.694444444444445 0.1031800970013137
1800000 4.694444444444445 0.10338020199924358
1850000 4.694444444444445 0.10290406999956758
1900000 4.694444444444445 0.10293221199935942
1950000 4.694444444444445 0.10312993300067319
2000000 4.694444444444445 0.10302239099837607
2050000 4.694444444444445 0.10323713300022064
2100000 4.805555555555555 0.10294756000075722
2150000 4.805555555555555 0.10354303900021478
2200000 4.888888888888889 0.10339724500045122
2250000 5.055555555555555 0.10331533099997614
2300000 4.972222222222222 0.10320497400061868
2350000 5.083333333333333 0.10345921100088162
2400000 5.055555555555555 0.10318091900080617
2450000 4.833333333333333 0.10293744299997343
2500000 5.055555555555555 0.10331103199860081
2550000 5.083333333333333 0.10316143199997896
2600000 5.083333333333333 0.10384182800044073
2650000 5.083333333333333 0.10304615700079012
2700000 5.083333333333333 0.10373715999958222
2750000 5.083333333333333 0.10360624599888979
2800000 5.083333333333333 0.10320256900013192
2850000 5.083333333333333 0.10287218899975414
2900000 4.805555555555555 0.10316168200006359
2950000 4.888888888888889 0.10344926200014015
3000000 4.861111111111111 0.10359109799901489
