50000 0.1111111111111111 0.054847036999944976
100000 1.2777777777777777 0.09690992000014376
150000 0.8055555555555556 0.09510630699969624
200000 0.8888888888888888 0.0992554080003174
250000 1.0555555555555556 0.09873372799938807
300000 1.5555555555555556 0.10216822900019906
350000 2.0833333333333335 0.10126413400030287
400000 2.25 0.10229915400032041
450000 2.5277777777777777 0.1021604359993944
500000 2.75 0.10229612799957977
550000 2.7222222222222223 0.10160567599996284
600000 3.2222222222222223 0.10225953099961771
650000 3.5277777777777777 0.10222797200003697
700000 4.055555555555555 0.10242933999961679
750000 4.138888888888889 0.10223438399953011
800000 4.194444444444445 0.10258479000003717
850000 4.277777777777778 0.1023527750003268
900000 4.194444444444445 0.1025838779996775
950000 4.25 0.10190264099946944
1000000 4.305555555555555 0.10249795700019604
1050000 4.361111111111111 0.10256845999992947
1100000 4.444444444444445 0.1025844199994026
1150000 4.444444444444445 0.10257027500028926
1200000 4.444444444444445 0.10282964100042591
1250000 4.416666666666667 0.10290394000003289
1300000 4.472222222222222 0.102299736000532
1350000 4.305555555555555 0.10224273999938305
1400000 4.333333333333333 0.10336145699966437
1450000 4.305555555555555 0.10297950099993614
1500000 4.305555555555555 0.10266422899985628
1550000 4.361111111111111 0.1026796390005984
1600000 4.305555555555555 0.10237548799977958
1650000 4.277777777777778 0.10234703600053763
1700000 4.25 0.1027844959999129
1750000 4.472222222222222 0.10270540500005154
1800000 4.388888888888889 0.10222072800024762
1850000 4.388888888888889 0.10240508300012152
1900000 4.416666666666667 0.10273421999954735
1950000 4.25 0.10260024000035628
2000000 4.388888888888889 0.1026263289995768
2050000 4.555555555555555 0.10247470400008751
2100000 4.388888888888889 0.10278063799978554
2150000 4.527777777777778 0.10236139100015862
2200000 4.611111111111111 0.10280675800004246
2250000 4.611111111111111 0.10262121899995691
2300000 4.5 0.10276222299944493
2350000 4.472222222222222 0.10318706899943209
2400000 4.5 0.10303644700070436
2450000 4.666666666666667 0.10361258600005385
2500000 4.5 0.1027532459993381
2550000 4.5 0.10272467399954621
2600000 4.5 0.1030863899995893
2650000 4.5 0.10272466100013844
2700000 4.666666666666667 0.10299820699947304
2750000 4.638888888888889 0.10269080000034592
2800000 4.638888888888889 0.10246459499921912
2850000 4.638888888888889 0.10259934900022927
2900000 4.944444444444445 0.10246599699985381
2950000 5.166666666666667 0.10289705600007437
3000000 4.972222222222222 0.10289934100001119
