50000 4.583333333333333 0.15625
100000 5.305555555555555 0.140625
150000 5.305555555555555 0.15625
200000 4.25 0.15625
250000 5.305555555555555 0.171875
300000 5.555555555555555 0.15625
350000 5.583333333333333 0.171875
400000 5.527777777777778 0.15625
450000 5.5 0.125
500000 5.527777777777778 0.140625
550000 5.527777777777778 0.140625
600000 5.5 0.15625
650000 5.194444444444445 0.125
700000 5.583333333333333 0.15625
750000 4.888888888888889 0.125
800000 4.861111111111111 0.171875
850000 5.027777777777778 0.40625
900000 5.583333333333333 0.15625
950000 5.388888888888889 0.15625
1000000 5.583333333333333 0.171875
1050000 4.583333333333333 0.15625
1100000 5.583333333333333 0.09375
1150000 5.333333333333333 0.09375
1200000 5.5 0.09375
1250000 5.472222222222222 0.15625
1300000 5.583333333333333 0.109375
1350000 5.583333333333333 0.140625
1400000 5.555555555555555 0.15625
1450000 5.194444444444445 0.953125
1500000 5.583333333333333 0.09375
1550000 5.555555555555555 0.15625
1600000 5.555555555555555 0.140625
1650000 5.25 0.140625
1700000 5.583333333333333 0.140625
1750000 5.583333333333333 0.15625
1800000 5.583333333333333 0.125
1850000 5.361111111111111 0.171875
1900000 5.583333333333333 0.125
1950000 5.555555555555555 0.140625
2000000 5.0 0.125
2050000 5.583333333333333 0.140625
2100000 5.583333333333333 0.140625
2150000 5.5 0.171875
2200000 5.583333333333333 0.09375
2250000 5.361111111111111 0.140625
2300000 5.527777777777778 0.4375
2350000 5.583333333333333 0.125
2400000 5.555555555555555 0.15625
2450000 5.5 0.125
2500000 5.555555555555555 0.125
2550000 5.583333333333333 0.140625
2600000 5.583333333333333 0.15625
2650000 5.555555555555555 0.125
2700000 5.472222222222222 0.15625
2750000 5.583333333333333 0.15625
2800000 5.583333333333333 0.15625
2850000 5.583333333333333 0.125
2900000 5.472222222222222 0.46875
2950000 5.583333333333333 0.140625
3000000 5.583333333333333 0.140625
