50000 0.1388888888888889 0.03125
100000 1.1388888888888888 0.375
150000 1.0277777777777777 0.734375
200000 0.6388888888888888 0.421875
250000 1.0 0.671875
300000 1.5555555555555556 0.53125
350000 2.3055555555555554 0.65625
400000 2.611111111111111 0.5
450000 2.8055555555555554 0.578125
500000 2.9166666666666665 0.8125
550000 2.9444444444444446 0.78125
600000 2.9722222222222223 0.65625
650000 3.0833333333333335 0.71875
700000 3.138888888888889 0.609375
750000 3.1666666666666665 0.78125
800000 3.0555555555555554 0.703125
850000 3.111111111111111 0.71875
900000 3.138888888888889 0.515625
950000 3.1666666666666665 0.59375
1000000 3.0833333333333335 0.859375
1050000 3.0555555555555554 0.71875
1100000 3.138888888888889 0.765625
1150000 3.138888888888889 0.671875
1200000 3.2777777777777777 0.6875
1250000 3.25 0.71875
1300000 3.388888888888889 0.71875
1350000 3.638888888888889 0.609375
1400000 3.7222222222222223 0.515625
1450000 3.888888888888889 0.53125
1500000 3.8055555555555554 0.640625
1550000 3.861111111111111 0.625
1600000 3.888888888888889 0.421875
1650000 3.888888888888889 0.625
1700000 3.888888888888889 0.71875
1750000 3.861111111111111 0.640625
1800000 4.027777777777778 0.65625
1850000 4.055555555555555 0.515625
1900000 4.083333333333333 0.765625
1950000 4.055555555555555 0.59375
2000000 4.055555555555555 0.671875
2050000 4.111111111111111 0.765625
2100000 4.111111111111111 0.703125
2150000 4.25 0.390625
2200000 4.305555555555555 0.421875
2250000 4.5 0.484375
2300000 4.555555555555555 0.53125
2350000 4.638888888888889 0.546875
2400000 4.527777777777778 0.46875
2450000 4.638888888888889 0.65625
2500000 4.527777777777778 0.4375
2550000 4.611111111111111 0.625
2600000 4.638888888888889 0.609375
2650000 4.611111111111111 0.65625
2700000 4.555555555555555 0.625
2750000 4.583333333333333 0.453125
2800000 4.722222222222222 0.59375
2850000 4.777777777777778 0.578125
2900000 4.694444444444445 0.625
2950000 4.777777777777778 0.484375
3000000 4.75 0.65625
