50000 2.6538461538461537 0.17250508300276124
100000 4.365384615384615 0.17526717400323832
150000 4.4423076923076925 0.17521712999950978
200000 4.461538461538462 0.17806536100033554
250000 4.519230769230769 0.1781884230003925
300000 4.615384615384615 0.17899695800224436
350000 4.615384615384615 0.17782217499916442
400000 4.596153846153846 0.17777483700047014
450000 4.596153846153846 0.17821177800215082
500000 4.615384615384615 0.17803072699825861
550000 4.615384615384615 0.179236015999777
600000 4.519230769230769 0.1775472900008026
650000 4.634615384615385 0.178600565999659
700000 4.596153846153846 0.17817348600146943
750000 4.480769230769231 0.1755695719984942
800000 4.5576923076923075 0.17826420499841333
850000 4.596153846153846 0.17810217100122827
900000 4.519230769230769 0.17805153599692858
950000 4.5576923076923075 0.17887175299983937
1000000 4.576923076923077 0.17770893199849525
1050000 4.5576923076923075 0.1784844069989049
1100000 4.576923076923077 0.178351106998889
1150000 4.519230769230769 0.17835286099943914
1200000 4.5576923076923075 0.178135463000217
1250000 4.5 0.1791985069976363
1300000 4.5576923076923075 0.17763638900214573
1350000 4.596153846153846 0.17783128399969428
1400000 4.538461538461538 0.17832644000009168
1450000 4.538461538461538 0.17814248600188876
1500000 4.538461538461538 0.1786154629990051
1550000 4.576923076923077 0.17900324100264697
1600000 4.5576923076923075 0.17753597000046284
1650000 4.596153846153846 0.17948798799989163
1700000 4.576923076923077 0.17795124699841836
1750000 4.519230769230769 0.17984342699855915
1800000 4.5576923076923075 0.17766085399853182
1850000 4.5 0.17763386300066486
1900000 4.5576923076923075 0.1784168320009485
1950000 4.576923076923077 0.17760519899820792
2000000 4.576923076923077 0.17914312300126767
2050000 4.634615384615385 0.17948435399739537
2100000 4.596153846153846 0.17969679199813982
2150000 4.576923076923077 0.17856449599639745
2200000 4.576923076923077 0.17735794599866495
2250000 4.576923076923077 0.17919634200370638
2300000 4.5576923076923075 0.17742200499924365
2350000 4.519230769230769 0.17788188999838894
2400000 4.5576923076923075 0.17874467599904165
2450000 4.615384615384615 0.17687520099570975
2500000 4.615384615384615 0.17887701499421382
2550000 4.615384615384615 0.1786630429996876
2600000 4.596153846153846 0.1799861939944094
2650000 4.615384615384615 0.1781120279993047
2700000 4.5576923076923075 0.17789946099946974
2750000 4.596153846153846 0.17961996699887095
2800000 4.576923076923077 0.17790028099989286
2850000 4.615384615384615 0.17954561799706426
2900000 4.615384615384615 0.17766656399908243
2950000 4.576923076923077 0.17767023099440848
3000000 4.596153846153846 0.17752586099959444
