50000 0.11538461538461539 0.07888333199662156
100000 0.9423076923076923 0.13825429399730638
150000 1.3461538461538463 0.14768274299422046
200000 1.2884615384615385 0.1457630139993853
250000 1.3076923076923077 0.14516101500339573
300000 1.4038461538461537 0.144631601004221
350000 1.9807692307692308 0.14734400899760658
400000 1.5384615384615385 0.14530434499465628
450000 2.1538461538461537 0.1472624839952914
500000 2.019230769230769 0.14677900799870258
550000 2.1346153846153846 0.1461744970001746
600000 2.2884615384615383 0.14433612900029402
650000 2.1346153846153846 0.14528360500116833
700000 1.7884615384615385 0.14420993200474186
750000 1.7307692307692308 0.14605693699559197
800000 1.6538461538461537 0.1432436089962721
850000 1.6538461538461537 0.14275146800355287
900000 1.6923076923076923 0.14323530399997253
950000 1.7692307692307692 0.14236898999661207
1000000 1.7884615384615385 0.14205713399860542
1050000 2.3076923076923075 0.14152930399723118
1100000 2.1538461538461537 0.1393796639968059
1150000 2.4038461538461537 0.14037498900142964
1200000 2.5961538461538463 0.13631620800151723
1250000 2.673076923076923 0.13244206299714278
1300000 3.0961538461538463 0.13422927500505466
1350000 3.2115384615384617 0.13530137699854095
1400000 2.8846153846153846 0.13665421200130368
1450000 3.2884615384615383 0.13815748199704103
1500000 3.3846153846153846 0.1384110459985095
1550000 3.5961538461538463 0.13729074499860872
1600000 3.6538461538461537 0.14312416599568678
1650000 3.730769230769231 0.14535698400140973
1700000 3.826923076923077 0.1432571050027036
1750000 3.7115384615384617 0.14418857100099558
1800000 3.730769230769231 0.1457947939998121
1850000 3.6538461538461537 0.14497033799852943
1900000 3.5961538461538463 0.14684533399849897
1950000 3.9423076923076925 0.14620272900356213
2000000 3.8461538461538463 0.14597794900328154
2050000 3.7884615384615383 0.1480083350033965
2100000 3.9423076923076925 0.14594581599521916
2150000 3.769230769230769 0.1471272319977288
2200000 3.6538461538461537 0.14692372299759882
2250000 3.8846153846153846 0.14812308899854543
2300000 3.6923076923076925 0.14491709799767705
2350000 3.9423076923076925 0.14675353199709207
2400000 3.9038461538461537 0.14565989100083243
2450000 3.980769230769231 0.1481029220012715
2500000 3.8076923076923075 0.1501625039963983
2550000 3.9615384615384617 0.14979114699963247
2600000 3.769230769230769 0.1496276809994015
2650000 3.8653846153846154 0.14960926600178936
2700000 3.826923076923077 0.14970169099979103
2750000 3.7115384615384617 0.14958007200038992
2800000 3.6153846153846154 0.1505687559983926
2850000 3.730769230769231 0.14931220099970233
2900000 3.4615384615384617 0.14863927899568807
2950000 3.3076923076923075 0.14959194499533623
3000000 3.5 0.14906193900242215
