50000 0.11538461538461539 0.15915361600000466
100000 1.0192307692307692 0.14157053300000655
150000 1.0769230769230769 0.14183328499998993
200000 1.3846153846153846 0.14641390400001342
250000 1.4615384615384615 0.1476281829999948
300000 1.6923076923076923 0.14790931799996088
350000 2.0576923076923075 0.14466144900001154
400000 2.0 0.14545181099998672
450000 2.173076923076923 0.14653470200005358
500000 2.2884615384615383 0.14854128399997535
550000 2.5 0.14890235099994698
600000 2.4615384615384617 0.14939014599997336
650000 2.3653846153846154 0.14963816199997382
700000 2.3461538461538463 0.14850998600002185
750000 2.5 0.1494725610000387
800000 2.4615384615384617 0.14816645099995185
850000 2.6153846153846154 0.1476821240000845
900000 2.423076923076923 0.14661581299992577
950000 2.576923076923077 0.14662751599985313
1000000 2.75 0.14771108700006153
1050000 2.9423076923076925 0.14836977200002366
1100000 3.8846153846153846 0.14966681500004597
1150000 4.019230769230769 0.14959817700014355
1200000 4.173076923076923 0.1495451570001478
1250000 3.9615384615384617 0.14976066199983507
1300000 3.7884615384615383 0.14908394200006114
1350000 3.9615384615384617 0.14902530199992725
1400000 4.134615384615385 0.14815601300006165
1450000 3.980769230769231 0.14909062500009895
1500000 3.923076923076923 0.14951211500010686
1550000 3.9615384615384617 0.14804984299985335
1600000 4.0 0.1484853000001749
1650000 3.8846153846153846 0.1484561339998436
1700000 4.096153846153846 0.1505295639999531
1750000 4.153846153846154 0.14961891599978117
1800000 4.0 0.15027047800003857
1850000 4.076923076923077 0.14895836799996687
1900000 4.153846153846154 0.14886147500010338
1950000 3.923076923076923 0.14860481300001993
2000000 4.019230769230769 0.14756067600001188
2050000 4.173076923076923 0.14952007900001263
2100000 4.0576923076923075 0.14941489200009528
2150000 3.980769230769231 0.14898386400000163
2200000 3.9615384615384617 0.15015285699973902
2250000 4.0576923076923075 0.1490012970002681
2300000 4.0 0.14996486499967432
2350000 3.9038461538461537 0.14810801300018284
2400000 3.9615384615384617 0.1487808159999986
2450000 4.211538461538462 0.14971206900008838
2500000 4.038461538461538 0.1491468200001691
2550000 3.923076923076923 0.14945962699994197
2600000 3.9615384615384617 0.14907866199973796
2650000 4.0 0.14909552400013126
2700000 3.980769230769231 0.14893993199984834
2750000 4.019230769230769 0.149674309999682
2800000 4.115384615384615 0.1499895000001743
2850000 3.980769230769231 0.1485443500000656
2900000 4.096153846153846 0.14978598900006546
2950000 4.0 0.1502350910000132
3000000 3.9038461538461537 0.15060686800006806
