50000 0.19230769230769232 0.08593602799919609
100000 1.1153846153846154 0.1459561270003178
150000 1.0961538461538463 0.14038432900088083
200000 1.1923076923076923 0.1482353699993837
250000 1.1923076923076923 0.14768357399952947
300000 0.9423076923076923 0.14363034599955427
350000 1.3846153846153846 0.14650137799981167
400000 1.7692307692307692 0.1467339949995221
450000 1.8076923076923077 0.145630256000004
500000 1.9807692307692308 0.1471138270026131
550000 2.1538461538461537 0.14777143000173965
600000 2.1153846153846154 0.14894763700067415
650000 2.269230769230769 0.1488708319993748
700000 2.423076923076923 0.1490734920007526
750000 2.8461538461538463 0.14841946600063238
800000 2.826923076923077 0.14853470099842525
850000 3.0576923076923075 0.14851193899812642
900000 3.076923076923077 0.14890111899876501
950000 3.269230769230769 0.148681688002398
1000000 3.0576923076923075 0.14735579099942697
1050000 3.25 0.14683995399900596
1100000 3.4038461538461537 0.1474920149994432
1150000 3.980769230769231 0.1480825239996193
1200000 3.730769230769231 0.1475518090010155
1250000 3.9038461538461537 0.1487767670005269
1300000 3.6923076923076925 0.14677544200094417
1350000 3.826923076923077 0.14718077200086555
1400000 3.673076923076923 0.14768353500039666
1450000 3.769230769230769 0.1466911950010399
1500000 3.576923076923077 0.14760355500038713
1550000 3.6923076923076925 0.14783944800001336
1600000 4.038461538461538 0.14751318600247032
1650000 3.6153846153846154 0.1479088989981392
1700000 3.9423076923076925 0.14901638499941328
1750000 4.153846153846154 0.14628758700200706
1800000 4.038461538461538 0.1477406029989652
1850000 4.0576923076923075 0.1467694630009646
1900000 3.7115384615384617 0.14561281300120754
1950000 3.8653846153846154 0.14802891399813234
2000000 4.134615384615385 0.14875368299908587
2050000 4.3076923076923075 0.14768347500285017
2100000 4.0 0.14780702799907885
2150000 4.115384615384615 0.1480284240024048
2200000 3.8846153846153846 0.1496246450005856
2250000 3.730769230769231 0.14821332000065013
2300000 4.134615384615385 0.14790950899987365
2350000 3.980769230769231 0.149861450001481
2400000 3.8846153846153846 0.14996888200039393
2450000 3.9423076923076925 0.1489140320009028
2500000 3.923076923076923 0.14923066700066556
2550000 4.038461538461538 0.14912802500111866
2600000 4.326923076923077 0.15048379599829786
2650000 4.0576923076923075 0.14847289599856595
2700000 4.1923076923076925 0.15038988100059214
2750000 4.0576923076923075 0.15002726099919528
2800000 4.038461538461538 0.14940829100305564
2850000 4.019230769230769 0.14934339899991755
2900000 4.211538461538462 0.1493481370016525
2950000 4.038461538461538 0.14964358100041864
3000000 4.0576923076923075 0.15007926000180305
