50000 0.11538461538461539 0.09168955899986031
100000 1.0192307692307692 0.14061352899989288
150000 1.5384615384615385 0.14568339499965077
200000 1.3269230769230769 0.14761366399943654
250000 1.0384615384615385 0.14431193200107373
300000 1.3846153846153846 0.14480576799905975
350000 1.1923076923076923 0.1440122509993671
400000 1.1538461538461537 0.14250925199849007
450000 2.230769230769231 0.1470221749987104
500000 2.0 0.1463315800010605
550000 2.3076923076923075 0.14843885200025397
600000 2.1538461538461537 0.14897283400023298
650000 2.4615384615384617 0.14915732100052992
700000 2.25 0.14863862600032007
750000 2.8846153846153846 0.14752247300020827
800000 3.3076923076923075 0.1494238300001598
850000 3.1923076923076925 0.1467875649996131
900000 3.4615384615384617 0.1484279129999777
950000 3.2115384615384617 0.14644107499952952
1000000 2.8653846153846154 0.14508313900114445
1050000 2.9615384615384617 0.1465235619998566
1100000 2.923076923076923 0.14508071599993855
1150000 3.1923076923076925 0.1454094829987298
1200000 3.0384615384615383 0.1437604190014099
1250000 3.0384615384615383 0.14430994800022745
1300000 3.1923076923076925 0.14710392800043337
1350000 3.2884615384615383 0.14537004699923273
1400000 3.2884615384615383 0.14864864700030012
1450000 3.480769230769231 0.1467134390004503
1500000 3.5961538461538463 0.1480368800002907
1550000 3.5961538461538463 0.14863190600044618
1600000 3.8461538461538463 0.14932547400167095
1650000 3.6153846153846154 0.1485796950000804
1700000 3.8461538461538463 0.14882533700074418
1750000 3.6923076923076925 0.14888292500108946
1800000 3.6538461538461537 0.1480394320005871
1850000 3.6923076923076925 0.14848194399928616
1900000 3.980769230769231 0.14771016699887696
1950000 3.576923076923077 0.14829291800015199
2000000 3.5384615384615383 0.1470531849990948
2050000 3.5576923076923075 0.14480093999918608
2100000 3.519230769230769 0.14814802799992322
2150000 3.576923076923077 0.14323971300109406
2200000 3.4615384615384617 0.1429750260012952
2250000 3.3461538461538463 0.14406179599973257
2300000 3.25 0.14552043799994863
2350000 3.5384615384615383 0.14517388900094375
2400000 3.75 0.14553634000003512
2450000 3.5576923076923075 0.14423128199996427
2500000 3.576923076923077 0.146754374000011
2550000 3.6346153846153846 0.14562366300015128
2600000 3.8076923076923075 0.14595757899951423
2650000 3.5384615384615383 0.1460843360000581
2700000 3.6538461538461537 0.14671617100066214
2750000 3.6346153846153846 0.1467039190010837
2800000 3.6923076923076925 0.146268714001053
2850000 3.4423076923076925 0.14848107200123195
2900000 3.269230769230769 0.1462543249999726
2950000 3.3461538461538463 0.14433519700105535
3000000 3.576923076923077 0.14633098900048935
