50000 0.09615384615384616 0.07794172700232593
100000 1.0 0.14143046899698675
150000 1.1538461538461537 0.14702283599763177
200000 1.1346153846153846 0.14757696699962253
250000 1.1153846153846154 0.14762029700068524
300000 1.0576923076923077 0.14648199400107842
350000 1.3846153846153846 0.14688015700085089
400000 1.6730769230769231 0.14905867400375428
450000 1.5192307692307692 0.1490437159955036
500000 2.3461538461538463 0.14780976199836005
550000 2.4038461538461537 0.14794644900393905
600000 2.423076923076923 0.14612253800441977
650000 2.0961538461538463 0.14218152799730888
700000 2.2115384615384617 0.14513162900402676
750000 1.5192307692307692 0.14335991800180636
800000 1.6730769230769231 0.14499058600631543
850000 1.3653846153846154 0.14585294399876148
900000 1.75 0.14760847599973204
950000 1.4615384615384615 0.14484836000337964
1000000 1.3653846153846154 0.1403723559997161
1050000 1.0576923076923077 0.14388342000165721
1100000 1.3653846153846154 0.13647705000039423
1150000 1.3461538461538463 0.13850283800275065
1200000 1.3269230769230769 0.1334600810005213
1250000 1.1346153846153846 0.12536372899921844
1300000 1.0961538461538463 0.1269672359994729
1350000 1.3076923076923077 0.13262282199866604
1400000 1.3846153846153846 0.12467649000609526
1450000 1.3269230769230769 0.12331170999823371
1500000 1.5769230769230769 0.12045035500341328
1550000 1.7115384615384615 0.11798839800030692
1600000 1.5961538461538463 0.11724694699660176
1650000 2.0 0.12027980499988189
1700000 1.8846153846153846 0.1200814729963895
1750000 1.7115384615384615 0.11294155399809824
1800000 2.2115384615384617 0.11900911400152836
1850000 2.1923076923076925 0.12431666500197025
1900000 2.6346153846153846 0.1268337369983783
1950000 2.7115384615384617 0.1277545819975785
2000000 2.576923076923077 0.12524475700047333
2050000 3.4615384615384617 0.1381182679979247
2100000 3.4615384615384617 0.1407016930024838
2150000 3.4615384615384617 0.14260441100486787
2200000 3.519230769230769 0.14187093499640469
2250000 3.3846153846153846 0.1417891419987427
2300000 3.6538461538461537 0.14418475400452735
2350000 3.6538461538461537 0.1439474400031031
2400000 3.2115384615384617 0.1439781170047354
2450000 3.6153846153846154 0.14549149500089698
2500000 3.673076923076923 0.1473588560038479
2550000 3.3846153846153846 0.1459319889981998
2600000 3.25 0.1447546740018879
2650000 3.5 0.1460503130001598
2700000 3.3846153846153846 0.14240798299579183
2750000 3.5 0.1483663280014298
2800000 3.7115384615384617 0.14612256700638682
2850000 3.7884615384615383 0.14784476800559787
2900000 3.6538461538461537 0.146523099996557
2950000 3.730769230769231 0.14790255700063426
3000000 3.6153846153846154 0.14868456400290597
