50000 0.09615384615384616 0.0905330089990457
100000 1.3461538461538463 0.14300702699983958
150000 1.4230769230769231 0.1486557689968322
200000 1.2692307692307692 0.1463129259973357
250000 1.3076923076923077 0.14620692699827487
300000 1.1346153846153846 0.1449921479979821
350000 1.8653846153846154 0.14922926500003086
400000 1.4807692307692308 0.14915682900027605
450000 1.4038461538461537 0.14578317099949345
500000 1.75 0.14321654900049907
550000 1.8461538461538463 0.1443303289997857
600000 2.076923076923077 0.14415333500073757
650000 2.1346153846153846 0.14378727900475496
700000 2.5 0.14648892400145996
750000 2.8076923076923075 0.1478966649956419
800000 2.769230769230769 0.14837263800291112
850000 2.3653846153846154 0.14788601599866524
900000 2.673076923076923 0.1479629700043006
950000 2.230769230769231 0.1472928220027825
1000000 2.3846153846153846 0.14315902200178243
1050000 2.4038461538461537 0.14148773600027198
1100000 2.9038461538461537 0.14408210400142707
1150000 2.576923076923077 0.14607606100616977
1200000 2.7115384615384617 0.14405730500584468
1250000 2.5 0.14014172200404573
1300000 3.1923076923076925 0.14387608600372914
1350000 3.0 0.14219487299851608
1400000 3.4038461538461537 0.14640235299884807
1450000 3.173076923076923 0.14706756899977336
1500000 3.5576923076923075 0.14713212099741213
1550000 3.6538461538461537 0.14906735100521473
1600000 3.5 0.14894341900071595
1650000 3.8076923076923075 0.14934892999735894
1700000 3.4615384615384617 0.14906547799910186
1750000 3.6538461538461537 0.14900229899649275
1800000 3.7884615384615383 0.1491995100004715
1850000 4.076923076923077 0.1478881500006537
1900000 3.8653846153846154 0.1475291559981997
1950000 3.8461538461538463 0.1485584670008393
2000000 4.134615384615385 0.14804693799669622
2050000 4.038461538461538 0.15033994799887296
2100000 3.9038461538461537 0.14822210599959362
2150000 4.115384615384615 0.14896988800319377
2200000 4.096153846153846 0.14760147200286156
2250000 4.076923076923077 0.14970062900101766
2300000 3.9615384615384617 0.1493482980004046
2350000 3.980769230769231 0.1479718970003887
2400000 4.096153846153846 0.1473351829990861
2450000 3.9038461538461537 0.14754613800323568
2500000 3.826923076923077 0.14800474899675464
2550000 3.7884615384615383 0.14840941799775464
2600000 3.75 0.1476772530004382
2650000 3.8076923076923075 0.14915942399966298
2700000 3.8846153846153846 0.14815599199937424
2750000 3.7115384615384617 0.14787942299881252
2800000 3.8076923076923075 0.14758425999752944
2850000 3.9615384615384617 0.14756624399888096
2900000 3.6923076923076925 0.14745154000411276
2950000 4.0 0.14906950600561686
3000000 3.923076923076923 0.14862975000141887
