50000 3.1538461538461537 0.16021324200119125
100000 3.75 0.15380488500522915
150000 4.230769230769231 0.16817040699970676
200000 4.346153846153846 0.17488839500583708
250000 4.365384615384615 0.1717913770044106
300000 4.461538461538462 0.17682010799762793
350000 4.480769230769231 0.17770539600314805
400000 4.5 0.17805956099618925
450000 4.576923076923077 0.18025404599757167
500000 4.365384615384615 0.17731354100396857
550000 4.4423076923076925 0.17853667600138579
600000 4.403846153846154 0.1793088640042697
650000 4.384615384615385 0.1793997830027365
700000 4.403846153846154 0.1787726280017523
750000 4.4423076923076925 0.17827634800050873
800000 4.461538461538462 0.17868450199603103
850000 4.346153846153846 0.17601365400332725
900000 4.480769230769231 0.17823905700061005
950000 4.4423076923076925 0.1795828190006432
1000000 4.461538461538462 0.1779686709996895
1050000 4.461538461538462 0.17915992400230607
1100000 4.461538461538462 0.17859533600130817
1150000 4.346153846153846 0.17763121699681506
1200000 4.423076923076923 0.17913144199701492
1250000 4.461538461538462 0.1787430940021295
1300000 4.5576923076923075 0.1798073590034619
1350000 4.596153846153846 0.17867932400258724
1400000 4.596153846153846 0.1789500919985585
1450000 4.5576923076923075 0.1778524830006063
1500000 4.480769230769231 0.17881146099534817
1550000 4.480769230769231 0.1796572980019846
1600000 4.423076923076923 0.17672231400501914
1650000 4.576923076923077 0.1780404270029976
1700000 4.615384615384615 0.17756822999945143
1750000 4.634615384615385 0.17730314200161956
1800000 4.5576923076923075 0.1783081379981013
1850000 4.519230769230769 0.17798451900307555
1900000 4.519230769230769 0.17958855900360504
1950000 4.653846153846154 0.17716197799745714
2000000 4.576923076923077 0.17910748500435147
2050000 4.538461538461538 0.17824036099773366
2100000 4.461538461538462 0.1777342610002961
2150000 4.461538461538462 0.17992599200078985
2200000 4.576923076923077 0.17813884000497637
2250000 4.5576923076923075 0.1807456189999357
2300000 4.596153846153846 0.17931696899904637
2350000 4.538461538461538 0.18007325700455112
2400000 4.576923076923077 0.179170076000446
2450000 4.576923076923077 0.1769631350034615
2500000 4.538461538461538 0.17763212000136264
2550000 4.5 0.178095677998499
2600000 4.5 0.17805311000120128
2650000 4.596153846153846 0.1773420850004186
2700000 4.519230769230769 0.17991743500169832
2750000 4.615384615384615 0.17874647899589036
2800000 4.5 0.1775121760001639
2850000 4.634615384615385 0.17836678800085792
2900000 4.5576923076923075 0.17745433600066463
2950000 4.519230769230769 0.1789927709978656
3000000 4.596153846153846 0.17936720300349407
