50000 0.09615384615384616 0.07793170900004043
100000 0.8269230769230769 0.13676471999997375
150000 1.4615384615384615 0.14613886899951467
200000 1.3846153846153846 0.1460254249996069
250000 1.2692307692307692 0.14554833199963468
300000 1.2307692307692308 0.14617398499922274
350000 2.0384615384615383 0.14886065300015616
400000 2.9615384615384617 0.14868726800068544
450000 2.25 0.1488792589998411
500000 1.9423076923076923 0.1446364020002875
550000 2.230769230769231 0.1465546869994796
600000 1.8269230769230769 0.1457711079992805
650000 1.75 0.1454829989997961
700000 1.6346153846153846 0.14609092899991083
750000 1.5 0.14649721999921894
800000 1.6346153846153846 0.14630884799953492
850000 1.3076923076923077 0.14374220599984255
900000 1.9038461538461537 0.1432711820007171
950000 1.6153846153846154 0.14576782299991464
1000000 1.5769230769230769 0.1452943559997948
1050000 1.4615384615384615 0.143518234000112
1100000 1.5961538461538463 0.1454917649998606
1150000 1.6730769230769231 0.14390167300007306
1200000 1.5961538461538463 0.14305680899997242
1250000 1.7115384615384615 0.14296300299974973
1300000 1.4807692307692308 0.14254535000054602
1350000 1.3846153846153846 0.14094569900044007
1400000 1.5192307692307692 0.14148790699982783
1450000 1.4615384615384615 0.13961093799935043
1500000 1.3653846153846154 0.13574230199992599
1550000 1.2884615384615385 0.13517010000032315
1600000 1.3653846153846154 0.13477399600014905
1650000 1.6923076923076923 0.1339621030001581
1700000 1.8076923076923077 0.13915644400003657
1750000 1.9423076923076923 0.13863212300020678
1800000 2.0384615384615383 0.13878883399956976
1850000 2.230769230769231 0.13976590800029953
1900000 2.0384615384615383 0.13954183599980752
1950000 2.0576923076923075 0.14060192499982804
2000000 2.0961538461538463 0.14061590100027388
2050000 1.9615384615384615 0.14043300899993483
2100000 1.9807692307692308 0.1425872479994723
2150000 2.1923076923076925 0.14067909900040831
2200000 2.25 0.1450406190006106
2250000 2.4615384615384617 0.1434134780001841
2300000 2.6538461538461537 0.14315039400025853
2350000 2.3846153846153846 0.14348785800029873
2400000 1.8846153846153846 0.13914955200016266
2450000 1.9807692307692308 0.14362585700018826
2500000 1.9615384615384615 0.1422682389993497
2550000 2.0576923076923075 0.1406887379998807
2600000 2.1153846153846154 0.1443646620000436
2650000 2.019230769230769 0.1391480580005009
2700000 1.8076923076923077 0.14480895599990617
2750000 1.9615384615384615 0.1426376720000917
2800000 1.9423076923076923 0.13929876099973626
2850000 2.1346153846153846 0.13765597000019625
2900000 1.6730769230769231 0.1428873120003118
2950000 1.9615384615384615 0.13819867799975327
3000000 2.3076923076923075 0.14319818500007386
