50000 2.6346153846153846 0.17725572400013334
100000 4.519230769230769 0.17959787799918558
150000 4.480769230769231 0.17763838099926943
200000 4.538461538461538 0.17974322000009124
250000 4.596153846153846 0.1789146039991465
300000 4.576923076923077 0.1765262150001945
350000 4.538461538461538 0.17861242800063337
400000 4.653846153846154 0.17851303099814686
450000 4.634615384615385 0.17789605500001926
500000 4.615384615384615 0.17831002100137994
550000 4.5 0.17885483200007002
600000 4.615384615384615 0.1773965770007635
650000 4.653846153846154 0.17893883099895902
700000 4.538461538461538 0.17885306999960449
750000 4.653846153846154 0.17752352600291488
800000 4.5 0.17841575000056764
850000 4.634615384615385 0.17826633000004222
900000 4.576923076923077 0.17757789700044668
950000 4.615384615384615 0.17728317600267474
1000000 4.615384615384615 0.17625391500041587
1050000 4.673076923076923 0.17730154899982153
1100000 4.653846153846154 0.17735208500016597
1150000 4.653846153846154 0.17807301799984998
1200000 4.615384615384615 0.17878728499999852
1250000 4.615384615384615 0.17821036299937987
1300000 4.5576923076923075 0.17895824600054766
1350000 4.596153846153846 0.17795199000102002
1400000 4.596153846153846 0.17917227799989632
1450000 4.653846153846154 0.17776793699886184
1500000 4.6923076923076925 0.17776298500029952
1550000 4.711538461538462 0.17781982099768356
1600000 4.615384615384615 0.17799763600123697
1650000 4.596153846153846 0.17955448400243768
1700000 4.596153846153846 0.17754850199708017
1750000 4.615384615384615 0.17805883099936182
1800000 4.634615384615385 0.17822368000270217
1850000 4.596153846153846 0.17806939899674035
1900000 4.653846153846154 0.17767110199929448
1950000 4.673076923076923 0.17741254900101922
2000000 4.634615384615385 0.1778375549984048
2050000 4.596153846153846 0.17823085199779598
2100000 4.615384615384615 0.17732482500287006
2150000 4.576923076923077 0.1773084030028258
2200000 4.615384615384615 0.17698902299889596
2250000 4.653846153846154 0.17860156700044172
2300000 4.596153846153846 0.17720411700065597
2350000 4.673076923076923 0.17854236700077308
2400000 4.634615384615385 0.17805607399714063
2450000 4.5576923076923075 0.17742944899873692
2500000 4.653846153846154 0.17886931999964872
2550000 4.615384615384615 0.1776885469989793
2600000 4.596153846153846 0.17852146799850743
2650000 4.653846153846154 0.17894089299807092
2700000 4.653846153846154 0.17887846600206103
2750000 4.653846153846154 0.17855879700073274
2800000 4.673076923076923 0.17824862399720587
2850000 4.634615384615385 0.17909969199899933
2900000 4.615384615384615 0.17760967800131766
2950000 4.576923076923077 0.17893614399872604
3000000 4.634615384615385 0.17788156700044055
