50000 2.4615384615384617 0.16543056699447334
100000 4.288461538461538 0.16876617299567442
150000 4.403846153846154 0.17643283999495907
200000 4.423076923076923 0.1772945249977056
250000 4.538461538461538 0.1751449160001357
300000 4.538461538461538 0.17726508100167848
350000 4.5576923076923075 0.17758200599928387
400000 4.480769230769231 0.17867188999662176
450000 4.538461538461538 0.17769217300519813
500000 4.576923076923077 0.17678014199918834
550000 4.5576923076923075 0.1787261809949996
600000 4.538461538461538 0.17747089700424112
650000 4.480769230769231 0.1781823519995669
700000 4.5576923076923075 0.17777150100300787
750000 4.5576923076923075 0.1772824430008768
800000 4.5576923076923075 0.17897404600080336
850000 4.5 0.1789003279991448
900000 4.5576923076923075 0.17776651300664525
950000 4.538461538461538 0.17843493400141597
1000000 4.538461538461538 0.17724577600165503
1050000 4.538461538461538 0.17862370899820235
1100000 4.519230769230769 0.1774021780001931
1150000 4.5576923076923075 0.17854117399838287
1200000 4.538461538461538 0.17836864999844693
1250000 4.634615384615385 0.17844891999993706
1300000 4.615384615384615 0.17749051400460303
1350000 4.596153846153846 0.1774445269984426
1400000 4.5576923076923075 0.17809771199972602
1450000 4.596153846153846 0.17707340200286126
1500000 4.596153846153846 0.17755321200093022
1550000 4.576923076923077 0.17892270899756113
1600000 4.634615384615385 0.17785869399813237
1650000 4.5576923076923075 0.17760220300260698
1700000 4.519230769230769 0.17735658200399484
1750000 4.480769230769231 0.17865068199898815
1800000 4.519230769230769 0.17851688799419207
1850000 4.519230769230769 0.17788937199657084
1900000 4.576923076923077 0.17861505200562533
1950000 4.538461538461538 0.17652154600364156
2000000 4.461538461538462 0.17903275600110646
2050000 4.576923076923077 0.18050549799954752
2100000 4.4423076923076925 0.17764892100240104
2150000 4.576923076923077 0.17846829899644945
2200000 4.576923076923077 0.17877476300054695
2250000 4.576923076923077 0.17881746299826773
2300000 4.4423076923076925 0.17672000000311527
2350000 4.519230769230769 0.17800714299664833
2400000 4.596153846153846 0.17773815999680664
2450000 4.596153846153846 0.1759640720047173
2500000 4.538461538461538 0.17784281200147234
2550000 4.634615384615385 0.17783689399948344
2600000 4.634615384615385 0.1778696649998892
2650000 4.596153846153846 0.17903761500201654
2700000 4.615384615384615 0.17768938600056572
2750000 4.519230769230769 0.1763646620020154
2800000 4.538461538461538 0.17735064200678607
2850000 4.634615384615385 0.1773733939990052
2900000 4.653846153846154 0.1767668269967544
2950000 4.519230769230769 0.1780293849951704
3000000 4.538461538461538 0.17738638200535206
