50000 2.923076923076923 0.17026046499813674
100000 4.326923076923077 0.17276961999959894
150000 4.5 0.17724436299977242
200000 4.538461538461538 0.1763500759989256
250000 4.480769230769231 0.17716337000092608
300000 4.634615384615385 0.17986715100050787
350000 4.5576923076923075 0.17865218199949595
400000 4.5 0.17756299000029685
450000 4.615384615384615 0.1786963439990359
500000 4.615384615384615 0.18007896800190792
550000 4.615384615384615 0.17858156800139113
600000 4.596153846153846 0.17789966099735466
650000 4.519230769230769 0.17699593599900254
700000 4.634615384615385 0.17917772900182172
750000 4.480769230769231 0.17701535300147953
800000 4.673076923076923 0.17920167299962486
850000 4.711538461538462 0.17805787800170947
900000 4.615384615384615 0.17774211500000092
950000 4.596153846153846 0.17895859600321273
1000000 4.653846153846154 0.1786970970024413
1050000 4.653846153846154 0.1790673120012798
1100000 4.480769230769231 0.1777168590015208
1150000 4.5576923076923075 0.17980044499927317
1200000 4.480769230769231 0.178116218001378
1250000 4.5576923076923075 0.17782715399880544
1300000 4.519230769230769 0.17865359499774058
1350000 4.576923076923077 0.17910812700210954
1400000 4.480769230769231 0.17886044400074752
1450000 4.576923076923077 0.1785437489998003
1500000 4.5576923076923075 0.17918364000070142
1550000 4.5576923076923075 0.17960202299946104
1600000 4.403846153846154 0.1777688649999618
1650000 4.519230769230769 0.1784802000001946
1700000 4.423076923076923 0.177272114000516
1750000 4.615384615384615 0.17916234799849917
1800000 4.596153846153846 0.18006103500010795
1850000 4.576923076923077 0.17920393599706586
1900000 4.5576923076923075 0.17904388799797744
1950000 4.5576923076923075 0.17803127599836444
2000000 4.615384615384615 0.17843104799976572
2050000 4.461538461538462 0.17875790099787991
2100000 4.5576923076923075 0.1783105409995187
2150000 4.288461538461538 0.17722962600237224
2200000 4.538461538461538 0.17694880799899693
2250000 4.596153846153846 0.1775998580014857
2300000 4.519230769230769 0.17807626300054835
2350000 4.5 0.1788315080011671
2400000 4.615384615384615 0.17716102600024897
2450000 4.5576923076923075 0.17661123599827988
2500000 4.634615384615385 0.1788780159986345
2550000 4.615384615384615 0.17694358600056148
2600000 4.596153846153846 0.17900412200106075
2650000 4.5576923076923075 0.17882260300029884
2700000 4.5576923076923075 0.1790678619981918
2750000 4.615384615384615 0.17867608800224843
2800000 4.615384615384615 0.17825633000029484
2850000 4.5576923076923075 0.17946424699766794
2900000 4.538461538461538 0.17930672900183708
2950000 4.615384615384615 0.17982237699834513
3000000 4.596153846153846 0.1783273030014243
