50000 3.1538461538461537 0.17409405300077196
100000 3.8076923076923075 0.1703626560001794
150000 3.9615384615384617 0.16894055000011576
200000 4.326923076923077 0.17523275900020963
250000 4.153846153846154 0.17369340200002625
300000 4.153846153846154 0.17687012200076424
350000 4.1923076923076925 0.1756701799995426
400000 4.3076923076923075 0.17677868800001306
450000 4.326923076923077 0.17654189499990025
500000 4.519230769230769 0.17708078699979524
550000 4.403846153846154 0.179410576999544
600000 4.365384615384615 0.1792109710004297
650000 4.269230769230769 0.1761787750001531
700000 4.384615384615385 0.17781998200007365
750000 4.403846153846154 0.1772271110003203
800000 4.269230769230769 0.17816150399994513
850000 4.5576923076923075 0.17785953600014182
900000 4.480769230769231 0.17671191400040698
950000 4.4423076923076925 0.17753164199984894
1000000 4.384615384615385 0.17395716800001537
1050000 4.346153846153846 0.17827161799959867
1100000 4.5576923076923075 0.177319353000712
1150000 4.538461538461538 0.1780915429999368
1200000 4.538461538461538 0.17646274599974276
1250000 4.5 0.1778377749997162
1300000 4.480769230769231 0.17646203599906585
1350000 4.538461538461538 0.1794563309995283
1400000 4.461538461538462 0.17635572400104138
1450000 4.519230769230769 0.17851913300000888
1500000 4.4423076923076925 0.1777371560001484
1550000 4.480769230769231 0.17843202100084454
1600000 4.480769230769231 0.178895779999948
1650000 4.423076923076923 0.17922627999905671
1700000 4.423076923076923 0.17885030199977336
1750000 4.5576923076923075 0.1785145840003679
1800000 4.538461538461538 0.17786626900124247
1850000 4.519230769230769 0.17805637600031332
1900000 4.461538461538462 0.17854259599880606
1950000 4.5 0.17667972299932444
2000000 4.480769230769231 0.17869603400140477
2050000 4.480769230769231 0.17820918200050073
2100000 4.4423076923076925 0.1779139779991965
2150000 4.519230769230769 0.17798348799988162
2200000 4.519230769230769 0.17765168599908066
2250000 4.538461538461538 0.17813989099886385
2300000 4.519230769230769 0.17843653700037976
2350000 4.461538461538462 0.17896919600025285
2400000 4.519230769230769 0.17846856800133537
2450000 4.346153846153846 0.17765144700024393
2500000 4.4423076923076925 0.17701635400044324
2550000 4.461538461538462 0.1785738560010941
2600000 4.461538461538462 0.17838273699999263
2650000 4.5 0.1787400670000352
2700000 4.403846153846154 0.17735546200128738
2750000 4.403846153846154 0.1787880870015215
2800000 4.4423076923076925 0.17839943899889477
2850000 4.538461538461538 0.17761812199933047
2900000 4.461538461538462 0.17785380599889322
2950000 4.365384615384615 0.17756875000122818
3000000 4.576923076923077 0.17945976700139
