50000 2.1538461538461537 0.1779340650000023
100000 2.9615384615384617 0.17963713899999334
150000 3.1346153846153846 0.1785138649999567
200000 3.3461538461538463 0.17802808200002573
250000 3.2115384615384617 0.17947013600002037
300000 3.2115384615384617 0.17796359200008283
350000 3.173076923076923 0.1788229510000292
400000 3.230769230769231 0.17771742900004028
450000 3.230769230769231 0.1794665890000715
500000 3.230769230769231 0.1778255619999527
550000 3.230769230769231 0.17769071100019573
600000 3.3076923076923075 0.17948763000003964
650000 3.25 0.17777514699992025
700000 3.269230769230769 0.1793405129999428
750000 3.2884615384615383 0.17733623599997372
800000 3.2115384615384617 0.1790061860001515
850000 3.3461538461538463 0.17882761100008793
900000 3.326923076923077 0.17849759199998516
950000 3.230769230769231 0.1791936980000628
1000000 3.25 0.1779489040000044
1050000 3.3461538461538463 0.17883626699995148
1100000 3.3653846153846154 0.17823914799964768
1150000 3.2115384615384617 0.17816106100008255
1200000 3.3461538461538463 0.17929644200012262
1250000 3.2115384615384617 0.17985307300023123
1300000 3.230769230769231 0.17889173200001096
1350000 3.2115384615384617 0.1784246649999659
1400000 3.3461538461538463 0.17853527300030692
1450000 3.3076923076923075 0.17827362300022287
1500000 3.3461538461538463 0.17967910800007303
1550000 3.3461538461538463 0.17883209999990868
1600000 3.326923076923077 0.17867010500003744
1650000 3.2884615384615383 0.17863332700017054
1700000 3.3653846153846154 0.1779270209999595
1750000 3.326923076923077 0.17884595499981515
1800000 3.3076923076923075 0.1785586969999713
1850000 3.326923076923077 0.17843420400004106
1900000 3.326923076923077 0.178712515999905
1950000 3.3461538461538463 0.17733147700027985
2000000 3.326923076923077 0.17817944599983093
2050000 3.3653846153846154 0.17919501000005766
2100000 3.326923076923077 0.17771812999990289
2150000 3.326923076923077 0.17903256599993256
2200000 3.3461538461538463 0.17769435599984718
2250000 3.4038461538461537 0.17854771499969502
2300000 3.4038461538461537 0.17826838200016937
2350000 3.326923076923077 0.17771646799974405
2400000 3.326923076923077 0.1791029370006072
2450000 3.3076923076923075 0.17757109499962098
2500000 3.3846153846153846 0.17937503700068191
2550000 3.3461538461538463 0.17843066699970223
2600000 3.326923076923077 0.17986878299961973
2650000 3.3461538461538463 0.17795116800061805
2700000 3.3461538461538463 0.17746677000013733
2750000 3.3461538461538463 0.17914840200046456
2800000 3.3461538461538463 0.17821574500067072
2850000 3.3461538461538463 0.17955321199951868
2900000 3.3461538461538463 0.17826118900029542
2950000 3.3461538461538463 0.17835429299975658
3000000 3.3653846153846154 0.17853097399984108
