50000 2.326923076923077 0.17465589799394365
100000 4.403846153846154 0.1770852530025877
150000 4.4423076923076925 0.1779203010009951
200000 4.519230769230769 0.1783185269960086
250000 4.5576923076923075 0.17756430100416765
300000 4.519230769230769 0.1793471459968714
350000 4.634615384615385 0.17875569700117921
400000 4.596153846153846 0.17865784400055418
450000 4.5 0.17786401600460522
500000 4.4423076923076925 0.17671315500047058
550000 4.596153846153846 0.17954980700596934
600000 4.480769230769231 0.17671474900271278
650000 4.576923076923077 0.17958112500491552
700000 4.576923076923077 0.17880885599879548
750000 4.576923076923077 0.17870305800170172
800000 4.5576923076923075 0.18042040800355608
850000 4.5576923076923075 0.17836421399988467
900000 4.461538461538462 0.17946956600644626
950000 4.5576923076923075 0.17839181599993026
1000000 4.538461538461538 0.178505217001657
1050000 4.5576923076923075 0.17830289600533433
1100000 4.576923076923077 0.1786978989985073
1150000 4.576923076923077 0.17910414999641944
1200000 4.538461538461538 0.1787302379962057
1250000 4.576923076923077 0.17791235499316826
1300000 4.576923076923077 0.17803755799832288
1350000 4.596153846153846 0.1771351460047299
1400000 4.576923076923077 0.17889729099988472
1450000 4.5576923076923075 0.1770398900116561
1500000 4.576923076923077 0.1776967719924869
1550000 4.576923076923077 0.17923059799068142
1600000 4.576923076923077 0.17799003100662958
1650000 4.576923076923077 0.17847466899547726
1700000 4.538461538461538 0.17890487700060476
1750000 4.538461538461538 0.17938542799674906
1800000 4.5576923076923075 0.17805219600268174
1850000 4.5576923076923075 0.1799025159998564
1900000 4.5576923076923075 0.17926423900644295
1950000 4.5576923076923075 0.17834166200191248
2000000 4.5576923076923075 0.17968817400105763
2050000 4.538461538461538 0.17858555700513534
2100000 4.5576923076923075 0.17912338700261898
2150000 4.5576923076923075 0.17777965498680715
2200000 4.576923076923077 0.17752523999661207
2250000 4.538461538461538 0.17986940499395132
2300000 4.480769230769231 0.17855469799542334
2350000 4.519230769230769 0.17959927799529396
2400000 4.480769230769231 0.17846723399998154
2450000 4.538461538461538 0.1779429930029437
2500000 4.576923076923077 0.17849160298646893
2550000 4.5 0.17826725100167096
2600000 4.519230769230769 0.18001305499637965
2650000 4.5576923076923075 0.17870710499119014
2700000 4.538461538461538 0.17856491000566166
2750000 4.5576923076923075 0.17886583300423808
2800000 4.576923076923077 0.17813532400759868
2850000 4.615384615384615 0.1793112680024933
2900000 4.615384615384615 0.17790813600004185
2950000 4.576923076923077 0.1796285849995911
3000000 4.576923076923077 0.17976578099478502
