50000 2.6538461538461537 0.16953308100346476
100000 4.096153846153846 0.16907458099740325
150000 3.8846153846153846 0.1643515120013035
200000 3.8461538461538463 0.17064229099923978
250000 4.211538461538462 0.16982172400457785
300000 4.096153846153846 0.16940459000034025
350000 4.0 0.16788603299937677
400000 4.0576923076923075 0.168686784003512
450000 4.25 0.17189688399957959
500000 4.211538461538462 0.1748712619955768
550000 4.365384615384615 0.17684825899777934
600000 4.153846153846154 0.17534027200599667
650000 4.269230769230769 0.1760500420059543
700000 4.134615384615385 0.17563613499805797
750000 4.096153846153846 0.17468985199957388
800000 4.346153846153846 0.17757041299773846
850000 4.288461538461538 0.17647212400333956
900000 4.326923076923077 0.1745327169992379
950000 4.3076923076923075 0.1747633400009363
1000000 4.269230769230769 0.1730673799975193
1050000 4.326923076923077 0.17711450799833983
1100000 4.326923076923077 0.17677726600231836
1150000 4.3076923076923075 0.17740392999985488
1200000 4.211538461538462 0.17549152600258822
1250000 4.25 0.17545314200106077
1300000 4.538461538461538 0.1784196169974166
1350000 4.403846153846154 0.1763842799991835
1400000 4.211538461538462 0.17706700800044928
1450000 4.3076923076923075 0.17880503900232725
1500000 4.230769230769231 0.1789135430008173
1550000 4.230769230769231 0.18025962600222556
1600000 4.403846153846154 0.17809878600382945
1650000 4.403846153846154 0.17941851999785285
1700000 4.403846153846154 0.17790944000444142
1750000 4.576923076923077 0.18038005199923646
1800000 4.384615384615385 0.17691972399916267
1850000 4.3076923076923075 0.17856566100090276
1900000 4.153846153846154 0.17833807300485205
1950000 4.326923076923077 0.17835815099533647
2000000 4.115384615384615 0.18014912999933586
2050000 4.480769230769231 0.17869412199797807
2100000 4.3076923076923075 0.1770061440038262
2150000 4.480769230769231 0.1791816260010819
2200000 4.211538461538462 0.17750940900441492
2250000 4.384615384615385 0.17805404200043995
2300000 4.519230769230769 0.1776954789966112
2350000 4.4423076923076925 0.178596537996782
2400000 4.461538461538462 0.17788007399940398
2450000 4.403846153846154 0.17675268099992536
2500000 4.480769230769231 0.17878356100118253
2550000 4.461538461538462 0.175635544997931
2600000 4.365384615384615 0.1780747410011827
2650000 4.461538461538462 0.17777340500470018
2700000 4.5 0.1784635489966604
2750000 4.403846153846154 0.17889878500136547
2800000 4.403846153846154 0.17848317499738187
2850000 4.480769230769231 0.17979289300274104
2900000 4.5 0.1787906310055405
2950000 4.519230769230769 0.17965227799868444
3000000 4.480769230769231 0.17923612799495459
