50000 2.8076923076923075 0.1708090749962139
100000 4.5 0.17737320299784187
150000 4.5 0.1784375099960016
200000 4.3076923076923075 0.17925809799635317
250000 4.615384615384615 0.17820492399914656
300000 4.615384615384615 0.17797132499981672
350000 4.519230769230769 0.18016163400170626
400000 4.596153846153846 0.17888369700085605
450000 4.634615384615385 0.1796539130009478
500000 4.615384615384615 0.17786090000299737
550000 4.5576923076923075 0.1787854520007386
600000 4.576923076923077 0.1785552200017264
650000 4.538461538461538 0.180120494995208
700000 4.519230769230769 0.1787415279977722
750000 4.576923076923077 0.17817898599605542
800000 4.384615384615385 0.17949253800179577
850000 4.384615384615385 0.17828326200105948
900000 4.3076923076923075 0.1784204379946459
950000 4.538461538461538 0.17794619899359532
1000000 4.615384615384615 0.1785562629956985
1050000 4.480769230769231 0.17849358500097878
1100000 4.5576923076923075 0.17865666199941188
1150000 4.5576923076923075 0.17864608099625912
1200000 4.5 0.18032334499730496
1250000 4.634615384615385 0.17936158300290117
1300000 4.596153846153846 0.179989279997244
1350000 4.615384615384615 0.17601117000594968
1400000 4.596153846153846 0.1794066180009395
1450000 4.653846153846154 0.1778482429945143
1500000 4.673076923076923 0.17905813400284387
1550000 4.576923076923077 0.18018252199544804
1600000 4.5 0.17908286999590928
1650000 4.480769230769231 0.17969782299769577
1700000 4.480769230769231 0.17830260699702194
1750000 4.615384615384615 0.17877398000564426
1800000 4.615384615384615 0.17945449599938001
1850000 4.596153846153846 0.17822042199986754
1900000 4.403846153846154 0.18025160300021525
1950000 4.576923076923077 0.17807955000171205
2000000 4.461538461538462 0.1793737659972976
2050000 4.596153846153846 0.17808057899674168
2100000 4.615384615384615 0.18028284100000747
2150000 4.576923076923077 0.1800063830014551
2200000 4.5576923076923075 0.17783316600252874
2250000 4.5576923076923075 0.17955809200066142
2300000 4.634615384615385 0.17806510299851652
2350000 4.5 0.17788303999986965
2400000 4.596153846153846 0.17978530599793885
2450000 4.519230769230769 0.17834993599535665
2500000 4.519230769230769 0.17922291499417042
2550000 4.480769230769231 0.17749542399542406
2600000 4.519230769230769 0.17938457499985816
2650000 4.480769230769231 0.1776521479987423
2700000 4.519230769230769 0.17750449999584816
2750000 4.576923076923077 0.17930003700166708
2800000 4.5576923076923075 0.17811069800518453
2850000 4.480769230769231 0.17816286499873968
2900000 4.576923076923077 0.17770063699572347
2950000 4.5 0.17868543499935186
3000000 4.615384615384615 0.17793092999636428
