50000 0.15384615384615385 0.08442331100013689
100000 1.0961538461538463 0.14550972799770534
150000 1.3269230769230769 0.14458994400047231
200000 1.2115384615384615 0.14796032600133913
250000 1.0961538461538463 0.14728172200193512
300000 1.0384615384615385 0.1458241079999425
350000 1.3653846153846154 0.14651566599786747
400000 1.9038461538461537 0.14890501700210734
450000 1.9230769230769231 0.14846759700230905
500000 1.6346153846153846 0.1436520349998318
550000 1.9038461538461537 0.14556610499857925
600000 2.269230769230769 0.1482794030016521
650000 2.3846153846153846 0.1469521450017055
700000 1.9423076923076923 0.1479801729983592
750000 2.730769230769231 0.14909106499908376
800000 2.5 0.14886247800313868
850000 2.3846153846153846 0.1484353050000209
900000 2.7115384615384617 0.14833502799956477
950000 3.423076923076923 0.14933003300029668
1000000 3.5384615384615383 0.1471265609980037
1050000 3.2115384615384617 0.14897771200048737
1100000 3.2115384615384617 0.1477162569972279
1150000 3.5961538461538463 0.1487240069982363
1200000 3.3461538461538463 0.14743857699795626
1250000 2.8846153846153846 0.14811140800156863
1300000 3.076923076923077 0.1490324149999651
1350000 3.25 0.14807478900183924
1400000 3.3653846153846154 0.1505781140003819
1450000 2.7884615384615383 0.14862393799921847
1500000 3.0961538461538463 0.14902647499911836
1550000 3.1538461538461537 0.1479575190023752
1600000 3.4038461538461537 0.14835286300149164
1650000 3.2884615384615383 0.14947372200185782
1700000 3.519230769230769 0.14888841599895386
1750000 3.5 0.14976192399990396
1800000 3.7884615384615383 0.14873311499832198
1850000 3.7884615384615383 0.1486356409986911
1900000 3.6923076923076925 0.14950543299710262
1950000 4.134615384615385 0.1486724009992031
2000000 4.076923076923077 0.14895062299910933
2050000 3.5384615384615383 0.148170296997705
2100000 3.9615384615384617 0.14863716300169472
2150000 3.980769230769231 0.14925680500164162
2200000 3.9615384615384617 0.1488500039995415
2250000 3.9423076923076925 0.1485788659992977
2300000 3.923076923076923 0.15036295100071584
2350000 3.980769230769231 0.14900403199862922
2400000 4.038461538461538 0.1487144399980025
2450000 4.115384615384615 0.14765282799999113
2500000 4.230769230769231 0.1498638539997046
2550000 3.6923076923076925 0.14876476399876992
2600000 4.019230769230769 0.14858864400230232
2650000 4.269230769230769 0.15005312100038282
2700000 3.980769230769231 0.14881752400106052
2750000 3.8076923076923075 0.14812511400305084
2800000 4.1923076923076925 0.15106769200065173
2850000 4.115384615384615 0.14906637899912312
2900000 4.153846153846154 0.14925580399722094
2950000 4.173076923076923 0.14948513499984983
3000000 4.019230769230769 0.14984081099828472
