50000 0.11538461538461539 0.07993448299930606
100000 0.9423076923076923 0.14113679999900341
150000 1.3846153846153846 0.14863423899987538
200000 1.4615384615384615 0.1462953739992372
250000 1.1153846153846154 0.14730830299959052
300000 1.1346153846153846 0.14713643100003537
350000 1.7307692307692308 0.14602754000043205
400000 1.75 0.14936336599930655
450000 2.019230769230769 0.14772526500019012
500000 2.173076923076923 0.14918873900023755
550000 2.1538461538461537 0.14793017900046834
600000 2.25 0.1474572610004543
650000 1.7884615384615385 0.14467599599993264
700000 1.9230769230769231 0.14550359900022158
750000 1.7884615384615385 0.14837656500094454
800000 1.8461538461538463 0.1475907219992223
850000 1.8076923076923077 0.1480319789989153
900000 1.4423076923076923 0.14635376300066127
950000 1.5769230769230769 0.14572901999963506
1000000 1.3846153846153846 0.14605046399992716
1050000 1.4423076923076923 0.14480492700022296
1100000 1.6923076923076923 0.14619820100051584
1150000 1.7307692307692308 0.14290888200048357
1200000 1.2692307692307692 0.14441217100102222
1250000 1.6923076923076923 0.14235124600054405
1300000 1.8076923076923077 0.14713324399963312
1350000 2.3653846153846154 0.14349772700006724
1400000 1.75 0.14146186799916904
1450000 2.2115384615384617 0.1443298269987281
1500000 2.1153846153846154 0.13981620199956524
1550000 2.25 0.14109834599912574
1600000 1.7884615384615385 0.13928051800030516
1650000 2.576923076923077 0.13913618700098596
1700000 2.5 0.13855049799894914
1750000 2.2884615384615383 0.14096911199885653
1800000 2.326923076923077 0.13985077799952705
1850000 2.9038461538461537 0.14088751999952365
1900000 2.980769230769231 0.14137751999987813
1950000 3.3076923076923075 0.1438350590015034
2000000 3.3076923076923075 0.14323875000081898
2050000 2.9423076923076925 0.14382412700069835
2100000 3.0576923076923075 0.14367808499991952
2150000 3.3653846153846154 0.14285424000081548
2200000 3.6153846153846154 0.14521675899959519
2250000 3.4423076923076925 0.14400959500017052
2300000 3.019230769230769 0.14456984699972963
2350000 3.3653846153846154 0.14698809099900245
2400000 3.019230769230769 0.14486129300166795
2450000 3.230769230769231 0.14325491999989026
2500000 3.1153846153846154 0.14168300399978762
2550000 2.8076923076923075 0.14345775099900493
2600000 3.3846153846153846 0.14464975699956995
2650000 3.1923076923076925 0.14428506400145125
2700000 3.230769230769231 0.14544449700042605
2750000 3.173076923076923 0.14327758100080246
2800000 3.1153846153846154 0.14372259599986137
2850000 3.3846153846153846 0.14535301599971717
2900000 3.6538461538461537 0.14563681700019515
2950000 3.2884615384615383 0.14582025200070348
3000000 3.423076923076923 0.1452422590009519
