50000 3.769230769230769 0.16109141999913845
100000 4.173076923076923 0.1623349519995827
150000 4.538461538461538 0.1758625500006019
200000 4.615384615384615 0.1792361179996078
250000 4.403846153846154 0.17911537000145472
300000 4.538461538461538 0.1792822339994018
350000 4.3076923076923075 0.17536460700102907
400000 4.596153846153846 0.17802092999954766
450000 4.384615384615385 0.17537126999923203
500000 4.615384615384615 0.1771411790014099
550000 4.4423076923076925 0.17673190000095929
600000 4.461538461538462 0.17905812299977697
650000 4.480769230769231 0.17819679700005508
700000 4.538461538461538 0.1777939619987592
750000 4.634615384615385 0.17778259099941351
800000 4.615384615384615 0.17848857500030135
850000 4.519230769230769 0.17857444800029043
900000 4.5576923076923075 0.17983865799942578
950000 4.596153846153846 0.1782901850001508
1000000 4.6923076923076925 0.17744761500034656
1050000 4.653846153846154 0.17787103699993168
1100000 4.634615384615385 0.1778263229989534
1150000 4.596153846153846 0.17860867199851782
1200000 4.596153846153846 0.17793915599941101
1250000 4.634615384615385 0.17910905000098865
1300000 4.519230769230769 0.17970660099854285
1350000 4.519230769230769 0.1782352999998693
1400000 4.634615384615385 0.17851260199859098
1450000 4.538461538461538 0.17872740299935685
1500000 4.634615384615385 0.17776037100156827
1550000 4.5576923076923075 0.17875470599938126
1600000 4.596153846153846 0.1782929380005953
1650000 4.538461538461538 0.17826055699879362
1700000 4.5576923076923075 0.1786114450005698
1750000 4.673076923076923 0.17829804899884039
1800000 4.653846153846154 0.17713504699895566
1850000 4.615384615384615 0.1782681019994925
1900000 4.615384615384615 0.1779929969998193
1950000 4.538461538461538 0.1776391719995445
2000000 4.5576923076923075 0.17864940800063778
2050000 4.5576923076923075 0.18023142399943026
2100000 4.615384615384615 0.17903184499846247
2150000 4.615384615384615 0.17846226700021361
2200000 4.653846153846154 0.1783062129998143
2250000 4.615384615384615 0.1796462749989587
2300000 4.634615384615385 0.1789962260008906
2350000 4.673076923076923 0.17968491099964012
2400000 4.615384615384615 0.17859141799999634
2450000 4.576923076923077 0.17806273699898156
2500000 4.5576923076923075 0.17865592000089237
2550000 4.634615384615385 0.17872059000001173
2600000 4.634615384615385 0.17903634200047236
2650000 4.5576923076923075 0.1791991380014224
2700000 4.634615384615385 0.179503219002072
2750000 4.673076923076923 0.18017116100236308
2800000 4.634615384615385 0.17814218700004858
2850000 4.576923076923077 0.17938856099863187
2900000 4.615384615384615 0.17941009599962854
2950000 4.615384615384615 0.1796723639999982
3000000 4.615384615384615 0.18029707700043218
