50000 0.17307692307692307 0.0857789949986909
100000 1.0769230769230769 0.14559224399999948
150000 0.9807692307692307 0.1429552400004468
200000 1.1730769230769231 0.14487548999750288
250000 1.1153846153846154 0.14587002600092092
300000 1.2115384615384615 0.14547690799736301
350000 1.2884615384615385 0.1484479509999801
400000 1.9423076923076923 0.1489348120012437
450000 1.8461538461538463 0.14661920099752024
500000 1.4615384615384615 0.14719689300181926
550000 1.25 0.14484424100010074
600000 1.5576923076923077 0.1473589870001888
650000 2.0961538461538463 0.14702316699913354
700000 1.8846153846153846 0.14826070799972513
750000 2.769230769230769 0.1485730029999104
800000 2.8653846153846154 0.14758438100034255
850000 2.730769230769231 0.14769834300022922
900000 2.25 0.14749526199739194
950000 2.1923076923076925 0.1454858430006425
1000000 2.326923076923077 0.1460550619995047
1050000 2.1153846153846154 0.14744405599776655
1100000 2.4615384615384617 0.14584889499747078
1150000 2.076923076923077 0.1434906829999818
1200000 2.076923076923077 0.1437816789984936
1250000 2.269230769230769 0.14439938699797494
1300000 1.5961538461538463 0.14226440299898968
1350000 2.25 0.14279826399797457
1400000 2.3461538461538463 0.1419261480004934
1450000 1.9423076923076923 0.14316458099710871
1500000 1.8076923076923077 0.14194071599922609
1550000 1.9807692307692308 0.14204720800262294
1600000 2.0961538461538463 0.14285563199882745
1650000 2.6538461538461537 0.14286757400259376
1700000 3.25 0.14642005499990773
1750000 3.3461538461538463 0.14784648299973924
1800000 3.5 0.14794349399744533
1850000 3.480769230769231 0.14783925800293218
1900000 3.5961538461538463 0.1457812679982453
1950000 3.8461538461538463 0.14828092499737977
2000000 3.8461538461538463 0.14818725000077393
2050000 3.6153846153846154 0.1486819679994369
2100000 3.7884615384615383 0.146503791998839
2150000 3.8076923076923075 0.14727599099933286
2200000 3.826923076923077 0.14810173099976964
2250000 4.019230769230769 0.14838099400003557
2300000 3.923076923076923 0.1486836019976181
2350000 3.6346153846153846 0.14798623400201905
2400000 3.8076923076923075 0.14875330200084136
2450000 3.8076923076923075 0.1480967210009112
2500000 3.730769230769231 0.1489131409980473
2550000 3.8653846153846154 0.14760113100055605
2600000 3.3846153846153846 0.14781119500185014
2650000 3.269230769230769 0.14721393500076374
2700000 3.4423076923076925 0.1478023290001147
2750000 3.3076923076923075 0.1476848769998469
2800000 3.5384615384615383 0.14770162000058917
2850000 3.3653846153846154 0.14742143400144414
2900000 3.6538461538461537 0.14831989999947837
2950000 3.5961538461538463 0.1483354080010031
3000000 3.0961538461538463 0.14719745500042336
