50000 3.0576923076923075 0.1705940300016664
100000 4.346153846153846 0.17328531699604355
150000 4.480769230769231 0.177230106004572
200000 4.480769230769231 0.17565831699903356
250000 4.519230769230769 0.1755980450034258
300000 4.288461538461538 0.17516874000284588
350000 4.173076923076923 0.17386569699738175
400000 4.3076923076923075 0.17383405799773755
450000 4.3076923076923075 0.1783272719985689
500000 4.403846153846154 0.17451139700278873
550000 4.519230769230769 0.17531706800218672
600000 4.269230769230769 0.17628397999942536
650000 4.480769230769231 0.1744402030017227
700000 4.4423076923076925 0.177377753003384
750000 4.403846153846154 0.1766687319977791
800000 4.461538461538462 0.1785659509987454
850000 4.480769230769231 0.17871103400102584
900000 4.538461538461538 0.17711909600620857
950000 4.519230769230769 0.17792299699794967
1000000 4.538461538461538 0.1785611509985756
1050000 4.480769230769231 0.1795222360015032
1100000 4.576923076923077 0.17833318500197493
1150000 4.461538461538462 0.17681160200299928
1200000 4.538461538461538 0.17851983500440838
1250000 4.615384615384615 0.1784440330011421
1300000 4.480769230769231 0.18027981499471935
1350000 4.5 0.17867439400288276
1400000 4.576923076923077 0.17929922500479734
1450000 4.4423076923076925 0.17800073100079317
1500000 4.615384615384615 0.17951334799727192
1550000 4.538461538461538 0.17895887700433377
1600000 4.461538461538462 0.17828500400355551
1650000 4.461538461538462 0.17930922399682458
1700000 4.519230769230769 0.17832027000258677
1750000 4.5576923076923075 0.1785821519952151
1800000 4.596153846153846 0.17910571199900005
1850000 4.5 0.17820240699802525
1900000 4.4423076923076925 0.1793640379983117
1950000 4.596153846153846 0.1781015990054584
2000000 4.615384615384615 0.17850593800540082
2050000 4.538461538461538 0.17962519800494192
2100000 4.538461538461538 0.1788269510070677
2150000 4.480769230769231 0.178974547998223
2200000 4.576923076923077 0.17755224000575254
2250000 4.461538461538462 0.1791765050002141
2300000 4.480769230769231 0.17854294899734668
2350000 4.480769230769231 0.17711882600269746
2400000 4.596153846153846 0.17738241000188282
2450000 4.596153846153846 0.17640569799550576
2500000 4.615384615384615 0.17803428399929544
2550000 4.634615384615385 0.17769019799743546
2600000 4.538461538461538 0.17875357400043868
2650000 4.538461538461538 0.17855630299891345
2700000 4.576923076923077 0.17802763100189622
2750000 4.576923076923077 0.17911133299639914
2800000 4.615384615384615 0.17805265900096856
2850000 4.653846153846154 0.17879068100592121
2900000 4.634615384615385 0.17872676200204296
2950000 4.615384615384615 0.17852604699874064
3000000 4.596153846153846 0.17754824300209293
