50000 0.2692307692307692 0.0915747030012426
100000 1.8269230769230769 0.1428623459978553
150000 1.5769230769230769 0.1478777500014985
200000 1.4615384615384615 0.14662015199792222
250000 1.3076923076923077 0.14771146699786186
300000 1.2884615384615385 0.1452954270025657
350000 2.0 0.14782192499842495
400000 2.5384615384615383 0.1483449670013215
450000 1.75 0.14810040700103855
500000 1.5961538461538463 0.14755505500215804
550000 1.0769230769230769 0.14570727099999203
600000 0.9038461538461539 0.1439335229988501
650000 1.6730769230769231 0.1466099919998669
700000 1.4615384615384615 0.1478870270002517
750000 1.6730769230769231 0.14886042299986002
800000 1.6730769230769231 0.14606448999984423
850000 1.1538461538461537 0.1427482310027699
900000 1.5192307692307692 0.14391623999836156
950000 1.5576923076923077 0.1466787720019056
1000000 1.3076923076923077 0.14525525299904984
1050000 1.9615384615384615 0.1443930929999624
1100000 1.5192307692307692 0.1433437480009161
1150000 2.1538461538461537 0.14417586699710228
1200000 2.0 0.14124526999876252
1250000 2.3076923076923075 0.14259216799837304
1300000 2.5961538461538463 0.1419943280016014
1350000 2.5576923076923075 0.1376413229991158
1400000 2.4615384615384617 0.13687512599790352
1450000 2.480769230769231 0.1410728300033952
1500000 2.1923076923076925 0.13365767299910658
1550000 2.6153846153846154 0.13729410099767847
1600000 2.8461538461538463 0.13987647499743616
1650000 2.923076923076923 0.1399167010022211
1700000 3.230769230769231 0.14063665099820355
1750000 3.5384615384615383 0.1409433570006513
1800000 3.269230769230769 0.14075015299749793
1850000 2.923076923076923 0.13898491399959312
1900000 2.7884615384615383 0.1385709059977671
1950000 2.7884615384615383 0.14036171699990518
2000000 2.6923076923076925 0.13819016399793327
2050000 2.8846153846153846 0.14028085300014936
2100000 2.5576923076923075 0.1397536750009749
2150000 2.423076923076923 0.13915577399893664
2200000 2.7884615384615383 0.13791640999988886
2250000 2.6153846153846154 0.14136638000127277
2300000 2.8461538461538463 0.14083439999740222
2350000 2.9615384615384617 0.1392135120004241
2400000 2.9423076923076925 0.14203243700103485
2450000 3.519230769230769 0.14438324700313387
2500000 3.5384615384615383 0.1453747250016022
2550000 3.4615384615384617 0.14636937200339162
2600000 3.4615384615384617 0.14502184500088333
2650000 3.1538461538461537 0.14707227799954126
2700000 3.5576923076923075 0.1465159359977406
2750000 3.1346153846153846 0.14640520900138654
2800000 3.1923076923076925 0.14601849199971184
2850000 3.7884615384615383 0.1489036450002459
2900000 3.576923076923077 0.1478739720005251
2950000 3.6346153846153846 0.14878317799957586
3000000 3.5961538461538463 0.14763231999677373
