50000 0.09615384615384616 0.08188585300376872
100000 0.9615384615384616 0.14007509799557738
150000 1.3076923076923077 0.1477367260013125
200000 1.3846153846153846 0.1479032470015227
250000 1.2307692307692308 0.14510398000129499
300000 1.1346153846153846 0.14666607699473388
350000 1.5576923076923077 0.14472826400015038
400000 2.75 0.14839642299921252
450000 1.9423076923076923 0.14790072399773635
500000 2.0576923076923075 0.1467763440014096
550000 1.5192307692307692 0.14735028100403724
600000 1.6730769230769231 0.14690370400057873
650000 1.7115384615384615 0.14719175299978815
700000 1.3846153846153846 0.13788265699986368
750000 1.5 0.13737978399876738
800000 1.5576923076923077 0.1374276220012689
850000 1.5192307692307692 0.13386489200638607
900000 1.6153846153846154 0.13718068100570235
950000 1.5384615384615385 0.13201828899764223
1000000 1.7307692307692308 0.13999244300066493
1050000 1.8846153846153846 0.14334664399939356
1100000 1.9038461538461537 0.14535776399861788
1150000 1.9038461538461537 0.1434672590039554
1200000 1.9807692307692308 0.1457127510002465
1250000 1.7115384615384615 0.14437975999317132
1300000 2.076923076923077 0.14504026000213344
1350000 2.3076923076923075 0.1475398469992797
1400000 2.0384615384615383 0.14456641000288073
1450000 2.230769230769231 0.14563346000068123
1500000 2.0961538461538463 0.14363050400424981
1550000 2.3653846153846154 0.14316768800199497
1600000 2.326923076923077 0.14399202200002037
1650000 2.4038461538461537 0.1435579000026337
1700000 2.673076923076923 0.14304795199859655
1750000 2.4615384615384617 0.14315125699795317
1800000 2.230769230769231 0.14429497100354638
1850000 2.5 0.1431939570029499
1900000 2.480769230769231 0.1467588320010691
1950000 2.3076923076923075 0.14393559800373623
2000000 2.5576923076923075 0.14289584899961483
2050000 2.1923076923076925 0.14391795499977889
2100000 2.5576923076923075 0.14581237700622296
2150000 2.519230769230769 0.1449884710018523
2200000 2.4615384615384617 0.14482628700352507
2250000 2.4423076923076925 0.14345125899853883
2300000 2.269230769230769 0.14322725900274236
2350000 2.5 0.14759261599829188
2400000 2.25 0.14154363099805778
2450000 2.4038461538461537 0.14273823199619073
2500000 2.4423076923076925 0.1424832949996926
2550000 2.5 0.14170274000207428
2600000 2.423076923076923 0.14315800899930764
2650000 2.4423076923076925 0.14314617700438248
2700000 2.4423076923076925 0.1411371800058987
2750000 2.9038461538461537 0.1452369379985612
2800000 2.3653846153846154 0.1413361939994502
2850000 2.3461538461538463 0.13913557500200113
2900000 2.2115384615384617 0.13572706400009338
2950000 2.6923076923076925 0.1411424390025786
3000000 2.519230769230769 0.14053458900161786
