50000 10.472222222222221 0.140625
100000 10.805555555555555 0.21875
150000 11.027777777777779 0.171875
200000 11.0 0.1875
250000 10.972222222222221 0.40625
300000 11.027777777777779 0.15625
350000 10.472222222222221 0.1875
400000 10.86111111111111 0.171875
450000 11.055555555555555 0.15625
500000 11.027777777777779 0.15625
550000 11.055555555555555 0.234375
600000 11.055555555555555 0.140625
650000 11.055555555555555 0.203125
700000 10.722222222222221 0.171875
750000 11.083333333333334 0.171875
800000 11.055555555555555 0.171875
850000 11.11111111111111 0.953125
900000 12.055555555555555 0.171875
950000 12.38888888888889 0.21875
1000000 12.38888888888889 0.21875
1050000 12.38888888888889 0.171875
1100000 12.36111111111111 0.125
1150000 12.38888888888889 0.21875
1200000 11.694444444444445 0.171875
1250000 12.38888888888889 0.21875
1300000 12.36111111111111 0.15625
1350000 12.38888888888889 0.140625
1400000 12.083333333333334 0.21875
1450000 12.25 1.4375
1500000 12.38888888888889 0.171875
1550000 12.38888888888889 0.171875
1600000 12.083333333333334 0.15625
1650000 12.25 0.171875
1700000 12.36111111111111 0.328125
1750000 12.38888888888889 0.171875
1800000 12.305555555555555 0.21875
1850000 12.194444444444445 0.171875
1900000 12.38888888888889 0.171875
1950000 12.38888888888889 0.171875
2000000 11.833333333333334 0.15625
2050000 12.277777777777779 0.171875
2100000 12.36111111111111 0.171875
2150000 12.333333333333334 0.171875
2200000 11.805555555555555 0.171875
2250000 11.722222222222221 0.234375
2300000 12.333333333333334 0.734375
2350000 12.305555555555555 0.171875
2400000 12.38888888888889 0.171875
2450000 11.694444444444445 0.15625
2500000 12.38888888888889 0.21875
2550000 12.055555555555555 0.171875
2600000 12.38888888888889 0.15625
2650000 12.38888888888889 0.140625
2700000 12.166666666666666 0.234375
2750000 12.38888888888889 0.234375
2800000 12.38888888888889 0.171875
2850000 12.38888888888889 0.171875
2900000 12.38888888888889 1.28125
2950000 12.25 0.21875
3000000 12.277777777777779 0.21875
