50000 10.444444444444445 0.109375
100000 10.472222222222221 0.203125
150000 10.666666666666666 0.125
200000 10.88888888888889 0.15625
250000 11.055555555555555 0.3125
300000 11.027777777777779 0.203125
350000 10.916666666666666 0.203125
400000 11.305555555555555 0.125
450000 11.083333333333334 0.21875
500000 11.277777777777779 0.109375
550000 11.11111111111111 0.109375
600000 11.305555555555555 0.21875
650000 11.305555555555555 0.234375
700000 11.333333333333334 0.171875
750000 11.305555555555555 0.109375
800000 11.25 0.203125
850000 11.305555555555555 0.90625
900000 11.333333333333334 0.125
950000 11.277777777777779 0.234375
1000000 11.277777777777779 0.171875
1050000 11.36111111111111 0.171875
1100000 11.055555555555555 0.21875
1150000 11.222222222222221 0.21875
1200000 11.36111111111111 0.203125
1250000 11.416666666666666 0.171875
1300000 11.36111111111111 0.125
1350000 11.222222222222221 0.203125
1400000 11.36111111111111 0.125
1450000 11.38888888888889 1.421875
1500000 11.583333333333334 0.125
1550000 11.583333333333334 0.171875
1600000 11.527777777777779 0.21875
1650000 11.61111111111111 0.203125
1700000 10.916666666666666 0.5625
1750000 11.527777777777779 0.203125
1800000 11.027777777777779 0.109375
1850000 11.38888888888889 0.125
1900000 11.0 0.21875
1950000 11.583333333333334 0.109375
2000000 10.916666666666666 0.171875
2050000 11.527777777777779 0.171875
2100000 10.527777777777779 0.125
2150000 11.583333333333334 0.203125
2200000 11.61111111111111 0.125
2250000 11.36111111111111 0.125
2300000 11.694444444444445 0.8125
2350000 12.277777777777779 0.21875
2400000 11.833333333333334 0.203125
2450000 12.277777777777779 0.21875
2500000 12.25 0.171875
2550000 12.36111111111111 0.21875
2600000 12.333333333333334 0.171875
2650000 12.027777777777779 0.125
2700000 12.36111111111111 0.21875
2750000 12.36111111111111 0.203125
2800000 12.416666666666666 0.109375
2850000 12.36111111111111 0.15625
2900000 12.38888888888889 1.390625
2950000 12.416666666666666 0.140625
3000000 12.277777777777779 0.203125
