50000 0.1111111111111111 0.09375
100000 1.8333333333333333 0.609375
150000 2.9722222222222223 0.671875
200000 1.9166666666666667 0.8125
250000 1.0833333333333333 0.609375
300000 1.3333333333333333 0.875
350000 1.5833333333333333 0.578125
400000 1.9444444444444444 0.84375
450000 4.5 0.765625
500000 5.611111111111111 0.6875
550000 6.194444444444445 0.671875
600000 6.777777777777778 0.75
650000 6.861111111111111 0.84375
700000 6.888888888888889 1.09375
750000 7.138888888888889 0.859375
800000 6.916666666666667 0.78125
850000 6.5 0.59375
900000 7.083333333333333 0.640625
950000 6.555555555555555 0.71875
1000000 6.583333333333333 0.6875
1050000 6.75 0.875
1100000 7.916666666666667 0.8125
1150000 7.166666666666667 0.84375
1200000 7.166666666666667 0.796875
1250000 6.916666666666667 0.625
1300000 7.555555555555555 0.71875
1350000 7.305555555555555 0.90625
1400000 8.055555555555555 0.78125
1450000 7.972222222222222 0.828125
1500000 7.805555555555555 0.65625
1550000 7.555555555555555 0.703125
1600000 7.694444444444445 0.78125
1650000 7.305555555555555 0.71875
1700000 7.361111111111111 0.65625
1750000 7.277777777777778 0.765625
1800000 7.805555555555555 0.890625
1850000 7.666666666666667 0.75
1900000 7.805555555555555 0.765625
1950000 8.0 0.75
2000000 8.027777777777779 0.71875
2050000 7.972222222222222 0.796875
2100000 8.194444444444445 0.71875
2150000 7.972222222222222 0.75
2200000 8.305555555555555 0.875
2250000 8.166666666666666 0.828125
2300000 7.916666666666667 0.640625
2350000 8.25 0.703125
2400000 7.888888888888889 0.640625
2450000 9.083333333333334 0.671875
2500000 8.694444444444445 1.078125
2550000 8.722222222222221 0.90625
2600000 8.472222222222221 0.578125
2650000 9.194444444444445 0.671875
2700000 8.88888888888889 0.671875
2750000 9.13888888888889 0.71875
2800000 9.166666666666666 0.734375
2850000 8.86111111111111 0.65625
2900000 8.777777777777779 0.984375
2950000 8.63888888888889 0.953125
3000000 9.027777777777779 0.90625
