50000 9.805555555555555 0.21875
100000 10.88888888888889 0.171875
150000 11.416666666666666 0.171875
200000 11.416666666666666 0.234375
250000 11.416666666666666 0.25
300000 11.416666666666666 0.203125
350000 11.444444444444445 0.234375
400000 11.444444444444445 0.1875
450000 11.36111111111111 0.234375
500000 11.444444444444445 0.234375
550000 11.444444444444445 0.21875
600000 11.11111111111111 0.171875
650000 10.722222222222221 0.1875
700000 11.194444444444445 0.21875
750000 11.444444444444445 0.234375
800000 11.444444444444445 0.234375
850000 11.444444444444445 0.578125
900000 11.444444444444445 0.234375
950000 10.944444444444445 0.21875
1000000 11.444444444444445 0.203125
1050000 11.416666666666666 0.234375
1100000 10.777777777777779 0.234375
1150000 11.083333333333334 0.203125
1200000 11.444444444444445 0.21875
1250000 11.444444444444445 0.1875
1300000 11.38888888888889 0.234375
1350000 11.38888888888889 0.21875
1400000 11.36111111111111 0.171875
1450000 11.416666666666666 1.3125
1500000 11.38888888888889 0.171875
1550000 11.5 0.234375
1600000 11.555555555555555 0.234375
1650000 11.583333333333334 0.25
1700000 11.583333333333334 0.25
1750000 11.583333333333334 0.171875
1800000 11.583333333333334 0.140625
1850000 11.555555555555555 0.21875
1900000 10.916666666666666 0.234375
1950000 11.38888888888889 0.21875
2000000 11.555555555555555 0.234375
2050000 11.555555555555555 0.203125
2100000 11.555555555555555 0.171875
2150000 11.583333333333334 0.203125
2200000 11.555555555555555 0.15625
2250000 11.555555555555555 0.25
2300000 11.527777777777779 0.4375
2350000 11.277777777777779 0.234375
2400000 11.555555555555555 0.203125
2450000 11.555555555555555 0.234375
2500000 11.527777777777779 0.21875
2550000 11.444444444444445 0.234375
2600000 11.555555555555555 0.1875
2650000 10.88888888888889 0.171875
2700000 11.555555555555555 0.140625
2750000 11.583333333333334 0.21875
2800000 11.5 0.25
2850000 11.527777777777779 0.1875
2900000 11.5 0.640625
2950000 11.555555555555555 0.21875
3000000 11.583333333333334 0.203125
