50000 0.1111111111111111 0.0625
100000 2.388888888888889 0.875
150000 3.638888888888889 1.5
200000 1.3333333333333333 1.375
250000 1.0555555555555556 0.984375
300000 1.25 1.0
350000 1.1111111111111112 1.0
400000 1.7222222222222223 1.125
450000 4.583333333333333 1.125
500000 5.583333333333333 1.125
550000 5.666666666666667 1.375
600000 5.916666666666667 1.25
650000 6.083333333333333 1.125
700000 5.833333333333333 1.125
750000 6.694444444444445 1.625
800000 6.055555555555555 1.25
850000 6.388888888888889 1.5
900000 6.305555555555555 1.125
950000 7.111111111111111 1.25
1000000 7.055555555555555 1.140625
1050000 7.694444444444445 1.25
1100000 7.833333333333333 1.0
1150000 6.805555555555555 1.515625
1200000 7.583333333333333 1.375
1250000 7.555555555555555 1.25
1300000 6.972222222222222 1.375
1350000 7.166666666666667 1.234375
1400000 7.305555555555555 1.625
1450000 7.083333333333333 1.25
1500000 7.194444444444445 1.125
1550000 6.888888888888889 1.25
1600000 7.333333333333333 1.625
1650000 7.583333333333333 1.625
1700000 7.944444444444445 1.25
1750000 7.527777777777778 1.5
1800000 7.722222222222222 1.5
1850000 7.527777777777778 1.0
1900000 7.944444444444445 1.515625
1950000 7.833333333333333 0.9375
2000000 7.805555555555555 1.25
2050000 7.944444444444445 1.0
2100000 8.11111111111111 1.359375
2150000 7.944444444444445 1.171875
2200000 8.416666666666666 1.25
2250000 8.11111111111111 1.515625
2300000 8.5 1.125
2350000 8.083333333333334 1.25
2400000 8.5 1.515625
2450000 8.083333333333334 1.625
2500000 8.194444444444445 1.5
2550000 8.083333333333334 1.25
2600000 8.5 1.25
2650000 8.472222222222221 1.640625
2700000 8.25 1.5
2750000 8.38888888888889 1.25
2800000 8.38888888888889 1.25
2850000 8.25 1.34375
2900000 8.38888888888889 1.25
2950000 8.694444444444445 1.25
3000000 8.444444444444445 1.15625
