50000 0.1388888888888889 0.09375
100000 2.25 0.890625
150000 3.138888888888889 0.90625
200000 1.8055555555555556 0.921875
250000 1.0555555555555556 1.0
300000 1.5277777777777777 0.875
350000 1.4444444444444444 0.828125
400000 1.8888888888888888 0.9375
450000 2.5277777777777777 0.71875
500000 3.138888888888889 0.828125
550000 4.888888888888889 0.984375
600000 6.25 0.6875
650000 5.666666666666667 0.734375
700000 5.444444444444445 0.71875
750000 4.972222222222222 0.75
800000 4.777777777777778 0.71875
850000 5.638888888888889 0.6875
900000 5.444444444444445 0.734375
950000 6.305555555555555 0.78125
1000000 5.638888888888889 0.8125
1050000 5.666666666666667 0.75
1100000 5.694444444444445 0.9375
1150000 6.416666666666667 0.78125
1200000 7.138888888888889 0.921875
1250000 7.0 0.640625
1300000 6.555555555555555 0.984375
1350000 6.333333333333333 0.796875
1400000 6.166666666666667 0.671875
1450000 6.25 0.734375
1500000 6.777777777777778 1.015625
1550000 6.444444444444445 0.984375
1600000 6.638888888888889 0.75
1650000 6.333333333333333 0.796875
1700000 6.361111111111111 0.75
1750000 6.444444444444445 1.140625
1800000 7.111111111111111 0.796875
1850000 7.583333333333333 1.046875
1900000 7.527777777777778 0.640625
1950000 7.583333333333333 0.59375
2000000 7.694444444444445 0.921875
2050000 7.666666666666667 0.84375
2100000 8.0 0.8125
2150000 7.888888888888889 0.890625
2200000 7.694444444444445 0.953125
2250000 8.11111111111111 0.671875
2300000 8.36111111111111 0.828125
2350000 8.416666666666666 0.734375
2400000 8.13888888888889 0.734375
2450000 8.305555555555555 0.671875
2500000 8.38888888888889 0.734375
2550000 8.5 0.90625
2600000 8.5 0.703125
2650000 7.888888888888889 0.640625
2700000 8.194444444444445 0.796875
2750000 8.444444444444445 0.9375
2800000 8.222222222222221 0.96875
2850000 8.444444444444445 0.75
2900000 8.38888888888889 0.609375
2950000 8.277777777777779 0.65625
3000000 7.833333333333333 0.75
