50000 0.16666666666666666 0.078125
100000 1.9444444444444444 0.671875
150000 3.9722222222222223 0.625
200000 1.7222222222222223 0.703125
250000 1.0555555555555556 0.8125
300000 0.8888888888888888 0.984375
350000 1.1111111111111112 1.0
400000 2.111111111111111 0.578125
450000 4.111111111111111 0.53125
500000 6.305555555555555 0.953125
550000 7.138888888888889 0.765625
600000 7.222222222222222 0.765625
650000 7.25 0.796875
700000 7.694444444444445 0.75
750000 7.916666666666667 0.8125
800000 6.888888888888889 0.796875
850000 6.888888888888889 1.25
900000 6.361111111111111 0.703125
950000 6.694444444444445 0.796875
1000000 7.194444444444445 0.875
1050000 7.472222222222222 0.65625
1100000 7.361111111111111 0.734375
1150000 6.527777777777778 0.6875
1200000 6.888888888888889 0.90625
1250000 7.888888888888889 0.703125
1300000 7.861111111111111 0.6875
1350000 8.027777777777779 0.859375
1400000 7.638888888888889 0.59375
1450000 7.75 0.703125
1500000 7.888888888888889 0.765625
1550000 7.666666666666667 0.75
1600000 8.083333333333334 0.8125
1650000 7.694444444444445 0.6875
1700000 7.611111111111111 0.671875
1750000 7.583333333333333 0.578125
1800000 7.472222222222222 0.890625
1850000 7.611111111111111 0.8125
1900000 7.416666666666667 0.59375
1950000 7.555555555555555 0.59375
2000000 8.472222222222221 0.640625
2050000 7.916666666666667 0.8125
2100000 8.472222222222221 0.75
2150000 8.555555555555555 0.546875
2200000 8.25 0.71875
2250000 8.555555555555555 0.765625
2300000 8.25 0.890625
2350000 7.833333333333333 0.8125
2400000 8.472222222222221 0.8125
2450000 8.416666666666666 0.984375
2500000 8.555555555555555 0.90625
2550000 9.194444444444445 0.78125
2600000 8.5 0.78125
2650000 8.194444444444445 0.78125
2700000 8.666666666666666 0.921875
2750000 8.36111111111111 0.953125
2800000 8.38888888888889 0.78125
2850000 8.444444444444445 0.671875
2900000 8.63888888888889 0.6875
2950000 8.88888888888889 0.765625
3000000 8.666666666666666 0.78125
