50000 0.1111111111111111 0.078125
100000 2.388888888888889 0.75
150000 4.388888888888889 0.9375
200000 1.5833333333333333 0.640625
250000 1.0277777777777777 0.8125
300000 1.2222222222222223 0.875
350000 1.6944444444444444 1.015625
400000 4.638888888888889 0.59375
450000 7.0 0.875
500000 7.0 0.734375
550000 6.75 1.140625
600000 6.722222222222222 0.515625
650000 7.083333333333333 0.90625
700000 7.055555555555555 0.890625
750000 7.25 0.671875
800000 6.916666666666667 0.71875
850000 7.25 0.53125
900000 6.722222222222222 0.671875
950000 7.083333333333333 0.734375
1000000 7.194444444444445 0.859375
1050000 7.861111111111111 0.71875
1100000 7.861111111111111 0.65625
1150000 7.5 0.84375
1200000 6.611111111111111 0.8125
1250000 7.027777777777778 0.78125
1300000 6.916666666666667 0.703125
1350000 7.777777777777778 0.8125
1400000 7.472222222222222 0.71875
1450000 7.333333333333333 0.765625
1500000 7.194444444444445 1.390625
1550000 7.027777777777778 0.828125
1600000 7.944444444444445 0.859375
1650000 6.833333333333333 0.984375
1700000 7.722222222222222 0.640625
1750000 7.805555555555555 0.8125
1800000 7.888888888888889 0.78125
1850000 7.583333333333333 0.875
1900000 7.472222222222222 0.6875
1950000 8.055555555555555 0.765625
2000000 7.833333333333333 0.828125
2050000 7.638888888888889 0.75
2100000 7.861111111111111 0.703125
2150000 7.833333333333333 1.0625
2200000 8.38888888888889 0.796875
2250000 7.888888888888889 0.65625
2300000 7.972222222222222 0.703125
2350000 7.916666666666667 0.921875
2400000 7.861111111111111 0.921875
2450000 7.972222222222222 0.546875
2500000 7.805555555555555 0.578125
2550000 7.916666666666667 0.65625
2600000 8.194444444444445 0.734375
2650000 8.13888888888889 0.578125
2700000 8.222222222222221 0.984375
2750000 8.13888888888889 0.71875
2800000 8.027777777777779 0.609375
2850000 8.166666666666666 1.0
2900000 7.5 0.703125
2950000 7.722222222222222 0.796875
3000000 8.277777777777779 0.53125
