50000 0.3333333333333333 0.046875
100000 5.222222222222222 0.875
150000 4.527777777777778 0.875
200000 1.8055555555555556 1.375
250000 1.5555555555555556 1.0
300000 2.0 1.5
350000 0.6944444444444444 0.640625
400000 1.6111111111111112 1.078125
450000 4.305555555555555 1.125
500000 4.916666666666667 1.25
550000 5.361111111111111 1.125
600000 4.638888888888889 1.484375
650000 5.75 1.515625
700000 5.888888888888889 1.21875
750000 5.916666666666667 1.203125
800000 5.666666666666667 1.125
850000 6.083333333333333 1.25
900000 6.222222222222222 1.59375
950000 6.111111111111111 1.5
1000000 6.5 1.125
1050000 6.722222222222222 1.125
1100000 6.888888888888889 1.109375
1150000 6.861111111111111 1.125
1200000 7.444444444444445 1.21875
1250000 7.388888888888889 1.375
1300000 7.583333333333333 1.5
1350000 7.694444444444445 1.5
1400000 7.777777777777778 1.625
1450000 7.75 1.234375
1500000 7.5 1.25
1550000 7.666666666666667 1.25
1600000 8.055555555555555 1.25
1650000 8.0 1.25
1700000 8.36111111111111 1.171875
1750000 8.0 1.34375
1800000 8.333333333333334 1.15625
1850000 8.666666666666666 1.234375
1900000 8.166666666666666 1.234375
1950000 8.694444444444445 1.515625
2000000 8.11111111111111 1.25
2050000 8.88888888888889 1.0
2100000 9.0 1.375
2150000 8.36111111111111 1.5
2200000 8.25 1.25
2250000 8.25 1.625
2300000 8.36111111111111 1.359375
2350000 8.916666666666666 1.625
2400000 8.5 0.90625
2450000 8.027777777777779 1.125
2500000 8.11111111111111 1.5
2550000 8.38888888888889 1.375
2600000 8.444444444444445 1.25
2650000 8.86111111111111 1.25
2700000 8.722222222222221 1.625
2750000 8.666666666666666 1.234375
2800000 8.88888888888889 1.375
2850000 9.027777777777779 1.515625
2900000 8.694444444444445 1.125
2950000 9.027777777777779 1.375
3000000 9.305555555555555 1.375
