50000 9.694444444444445 0.21875
100000 10.805555555555555 0.21875
150000 11.0 0.21875
200000 10.944444444444445 0.234375
250000 10.944444444444445 0.1875
300000 11.166666666666666 0.1875
350000 11.194444444444445 0.140625
400000 11.222222222222221 0.21875
450000 11.305555555555555 0.21875
500000 11.305555555555555 0.203125
550000 11.194444444444445 0.234375
600000 11.305555555555555 0.203125
650000 11.0 0.203125
700000 11.833333333333334 0.171875
750000 11.88888888888889 0.203125
800000 11.88888888888889 0.203125
850000 11.944444444444445 0.703125
900000 11.88888888888889 0.171875
950000 11.805555555555555 0.21875
1000000 11.944444444444445 0.234375
1050000 11.86111111111111 0.171875
1100000 11.916666666666666 0.203125
1150000 11.86111111111111 0.25
1200000 11.833333333333334 0.171875
1250000 11.75 0.21875
1300000 11.916666666666666 0.1875
1350000 11.944444444444445 0.1875
1400000 11.833333333333334 0.1875
1450000 11.944444444444445 1.140625
1500000 11.833333333333334 0.234375
1550000 11.944444444444445 0.234375
1600000 11.666666666666666 0.125
1650000 12.027777777777779 0.171875
1700000 11.944444444444445 0.21875
1750000 11.0 0.140625
1800000 11.944444444444445 0.171875
1850000 11.86111111111111 0.203125
1900000 11.944444444444445 0.234375
1950000 11.944444444444445 0.21875
2000000 11.88888888888889 0.234375
2050000 11.944444444444445 0.1875
2100000 11.75 0.234375
2150000 11.86111111111111 0.25
2200000 11.944444444444445 0.234375
2250000 11.944444444444445 0.21875
2300000 12.027777777777779 0.4375
2350000 11.805555555555555 0.234375
2400000 11.88888888888889 0.1875
2450000 11.75 0.234375
2500000 11.944444444444445 0.171875
2550000 10.944444444444445 0.234375
2600000 11.944444444444445 0.203125
2650000 11.916666666666666 0.234375
2700000 11.944444444444445 0.140625
2750000 11.944444444444445 0.21875
2800000 11.916666666666666 0.21875
2850000 11.916666666666666 0.25
2900000 11.527777777777779 1.0625
2950000 11.944444444444445 0.15625
3000000 11.944444444444445 0.25
