50000 9.444444444444445 0.234375
100000 10.61111111111111 0.21875
150000 11.63888888888889 0.140625
200000 11.63888888888889 0.171875
250000 11.722222222222221 0.390625
300000 11.722222222222221 0.171875
350000 11.722222222222221 0.234375
400000 11.722222222222221 0.21875
450000 11.722222222222221 0.171875
500000 11.13888888888889 0.234375
550000 11.527777777777779 0.140625
600000 11.722222222222221 0.171875
650000 11.722222222222221 0.234375
700000 11.722222222222221 0.125
750000 11.722222222222221 0.140625
800000 11.722222222222221 0.171875
850000 11.722222222222221 0.9375
900000 11.694444444444445 0.171875
950000 11.583333333333334 0.171875
1000000 11.722222222222221 0.171875
1050000 11.722222222222221 0.171875
1100000 11.36111111111111 0.140625
1150000 11.694444444444445 0.1875
1200000 11.61111111111111 0.171875
1250000 11.722222222222221 0.171875
1300000 11.722222222222221 0.125
1350000 11.722222222222221 0.125
1400000 11.61111111111111 0.234375
1450000 11.722222222222221 1.484375
1500000 11.694444444444445 0.171875
1550000 11.694444444444445 0.171875
1600000 11.694444444444445 0.171875
1650000 11.722222222222221 0.171875
1700000 11.722222222222221 0.28125
1750000 11.722222222222221 0.171875
1800000 11.722222222222221 0.203125
1850000 11.777777777777779 0.1875
1900000 10.083333333333334 0.140625
1950000 11.777777777777779 0.21875
2000000 11.916666666666666 0.171875
2050000 11.916666666666666 0.15625
2100000 11.916666666666666 0.15625
2150000 12.083333333333334 0.125
2200000 12.083333333333334 0.171875
2250000 11.916666666666666 0.171875
2300000 12.083333333333334 0.75
2350000 12.083333333333334 0.171875
2400000 12.0 0.21875
2450000 12.083333333333334 0.171875
2500000 12.083333333333334 0.171875
2550000 12.166666666666666 0.203125
2600000 12.166666666666666 0.171875
2650000 11.305555555555555 0.171875
2700000 12.055555555555555 0.234375
2750000 12.194444444444445 0.171875
2800000 12.166666666666666 0.171875
2850000 12.166666666666666 0.171875
2900000 11.722222222222221 1.328125
2950000 11.472222222222221 0.234375
3000000 12.194444444444445 0.140625
