50000 0.1388888888888889 0.0625
100000 2.9444444444444446 1.0
150000 3.861111111111111 1.0
200000 1.5 1.25
250000 0.8055555555555556 1.25
300000 0.9722222222222222 1.203125
350000 1.4166666666666667 1.109375
400000 2.1666666666666665 1.375
450000 4.305555555555555 1.125
500000 6.083333333333333 1.0
550000 6.0 1.1875
600000 5.472222222222222 1.46875
650000 5.444444444444445 1.25
700000 5.5 1.484375
750000 6.222222222222222 1.25
800000 5.805555555555555 1.25
850000 6.027777777777778 1.25
900000 5.666666666666667 1.25
950000 5.666666666666667 1.625
1000000 5.805555555555555 1.34375
1050000 6.083333333333333 1.125
1100000 6.166666666666667 1.5
1150000 5.416666666666667 1.625
1200000 6.222222222222222 1.5
1250000 6.416666666666667 1.25
1300000 6.527777777777778 1.609375
1350000 5.888888888888889 1.125
1400000 5.833333333333333 1.515625
1450000 7.027777777777778 1.21875
1500000 7.0 1.25
1550000 6.944444444444445 1.375
1600000 7.277777777777778 1.546875
1650000 7.277777777777778 1.375
1700000 7.25 1.25
1750000 6.972222222222222 1.1875
1800000 7.277777777777778 1.25
1850000 7.222222222222222 1.25
1900000 7.611111111111111 1.625
1950000 7.5 1.25
2000000 7.472222222222222 0.875
2050000 8.11111111111111 1.21875
2100000 7.611111111111111 1.5
2150000 8.027777777777779 1.25
2200000 7.805555555555555 1.25
2250000 7.666666666666667 1.25
2300000 7.611111111111111 1.125
2350000 7.944444444444445 1.15625
2400000 8.11111111111111 1.1875
2450000 8.11111111111111 0.875
2500000 8.38888888888889 1.0
2550000 8.472222222222221 1.515625
2600000 8.36111111111111 1.25
2650000 8.25 1.0
2700000 8.36111111111111 1.25
2750000 8.527777777777779 1.125
2800000 8.527777777777779 1.5
2850000 8.416666666666666 1.21875
2900000 8.472222222222221 1.625
2950000 8.0 1.25
3000000 8.666666666666666 1.25
