50000 0.2222222222222222 0.09375
100000 1.9166666666666667 0.734375
150000 3.3055555555555554 0.8125
200000 0.9722222222222222 0.625
250000 1.2777777777777777 0.8125
300000 1.2222222222222223 0.734375
350000 1.3611111111111112 0.71875
400000 1.9722222222222223 0.90625
450000 3.25 0.734375
500000 6.111111111111111 0.796875
550000 5.444444444444445 0.65625
600000 5.416666666666667 0.5625
650000 4.972222222222222 0.8125
700000 5.638888888888889 1.1875
750000 5.388888888888889 1.046875
800000 5.666666666666667 1.015625
850000 5.027777777777778 0.78125
900000 5.75 0.78125
950000 5.888888888888889 0.75
1000000 5.833333333333333 0.765625
1050000 6.027777777777778 0.625
1100000 6.222222222222222 0.8125
1150000 5.972222222222222 0.890625
1200000 5.805555555555555 0.6875
1250000 6.083333333333333 0.65625
1300000 6.194444444444445 0.84375
1350000 6.083333333333333 0.859375
1400000 6.361111111111111 0.640625
1450000 6.75 0.71875
1500000 6.944444444444445 0.9375
1550000 6.777777777777778 0.9375
1600000 6.444444444444445 0.890625
1650000 6.861111111111111 0.796875
1700000 7.111111111111111 0.703125
1750000 7.138888888888889 0.90625
1800000 7.055555555555555 0.90625
1850000 7.194444444444445 0.71875
1900000 7.555555555555555 0.921875
1950000 7.305555555555555 0.765625
2000000 7.305555555555555 0.625
2050000 7.194444444444445 0.90625
2100000 7.277777777777778 0.828125
2150000 7.444444444444445 0.625
2200000 7.472222222222222 0.84375
2250000 7.694444444444445 0.984375
2300000 7.111111111111111 0.8125
2350000 7.722222222222222 0.609375
2400000 7.972222222222222 0.796875
2450000 7.833333333333333 0.734375
2500000 7.972222222222222 0.859375
2550000 8.027777777777779 0.59375
2600000 8.11111111111111 0.71875
2650000 8.11111111111111 0.765625
2700000 7.722222222222222 0.859375
2750000 8.13888888888889 0.734375
2800000 7.916666666666667 0.546875
2850000 7.777777777777778 0.671875
2900000 8.194444444444445 0.65625
2950000 8.444444444444445 0.796875
3000000 8.555555555555555 0.6875
