50000 9.88888888888889 0.125
100000 11.027777777777779 0.109375
150000 11.027777777777779 0.109375
200000 11.055555555555555 0.125
250000 11.055555555555555 0.65625
300000 11.25 0.109375
350000 11.444444444444445 0.109375
400000 11.444444444444445 0.109375
450000 11.444444444444445 0.109375
500000 11.444444444444445 0.109375
550000 11.472222222222221 0.109375
600000 11.38888888888889 0.109375
650000 11.444444444444445 0.109375
700000 11.36111111111111 0.109375
750000 11.472222222222221 0.125
800000 11.472222222222221 0.109375
850000 11.472222222222221 1.140625
900000 11.472222222222221 0.109375
950000 11.472222222222221 0.109375
1000000 11.444444444444445 0.125
1050000 11.472222222222221 0.109375
1100000 11.472222222222221 0.109375
1150000 11.194444444444445 0.109375
1200000 10.166666666666666 0.109375
1250000 11.472222222222221 0.109375
1300000 11.472222222222221 0.109375
1350000 11.472222222222221 0.109375
1400000 11.277777777777779 0.109375
1450000 11.472222222222221 1.0
1500000 11.38888888888889 0.109375
1550000 11.472222222222221 0.109375
1600000 12.555555555555555 0.109375
1650000 12.61111111111111 0.125
1700000 12.472222222222221 0.453125
1750000 12.63888888888889 0.109375
1800000 12.083333333333334 0.109375
1850000 12.63888888888889 0.109375
1900000 12.63888888888889 0.109375
1950000 11.86111111111111 0.109375
2000000 12.63888888888889 0.109375
2050000 12.63888888888889 0.109375
2100000 12.527777777777779 0.109375
2150000 12.63888888888889 0.109375
2200000 12.63888888888889 0.109375
2250000 12.63888888888889 0.109375
2300000 12.13888888888889 1.0
2350000 12.61111111111111 0.125
2400000 9.694444444444445 0.109375
2450000 12.555555555555555 0.109375
2500000 12.61111111111111 0.109375
2550000 12.472222222222221 0.109375
2600000 12.444444444444445 0.109375
2650000 12.63888888888889 0.109375
2700000 12.444444444444445 0.109375
2750000 12.63888888888889 0.109375
2800000 12.36111111111111 0.109375
2850000 12.63888888888889 0.109375
2900000 11.972222222222221 1.25
2950000 12.63888888888889 0.109375
3000000 12.63888888888889 0.109375
