50000 9.527777777777779 0.140625
100000 11.0 0.125
150000 11.972222222222221 0.25
200000 12.11111111111111 0.203125
250000 12.11111111111111 0.25
300000 12.11111111111111 0.1875
350000 12.11111111111111 0.234375
400000 12.11111111111111 0.15625
450000 11.722222222222221 0.234375
500000 12.11111111111111 0.125
550000 12.11111111111111 0.203125
600000 12.13888888888889 0.21875
650000 12.083333333333334 0.234375
700000 11.972222222222221 0.234375
750000 12.11111111111111 0.234375
800000 12.13888888888889 0.1875
850000 12.13888888888889 0.59375
900000 12.13888888888889 0.203125
950000 12.027777777777779 0.171875
1000000 12.13888888888889 0.21875
1050000 12.027777777777779 0.203125
1100000 12.472222222222221 0.140625
1150000 12.63888888888889 0.234375
1200000 12.527777777777779 0.234375
1250000 12.63888888888889 0.21875
1300000 12.666666666666666 0.171875
1350000 12.666666666666666 0.203125
1400000 12.666666666666666 0.21875
1450000 12.61111111111111 1.375
1500000 12.666666666666666 0.203125
1550000 12.666666666666666 0.234375
1600000 12.416666666666666 0.234375
1650000 12.666666666666666 0.21875
1700000 12.666666666666666 0.203125
1750000 12.694444444444445 0.234375
1800000 12.666666666666666 0.15625
1850000 12.666666666666666 0.203125
1900000 12.666666666666666 0.21875
1950000 12.5 0.203125
2000000 12.666666666666666 0.1875
2050000 12.583333333333334 0.1875
2100000 12.583333333333334 0.234375
2150000 12.61111111111111 0.25
2200000 12.555555555555555 0.203125
2250000 12.583333333333334 0.140625
2300000 12.583333333333334 0.59375
2350000 12.5 0.234375
2400000 12.555555555555555 0.234375
2450000 12.555555555555555 0.234375
2500000 12.583333333333334 0.234375
2550000 12.527777777777779 0.203125
2600000 12.472222222222221 0.21875
2650000 12.472222222222221 0.234375
2700000 12.527777777777779 0.171875
2750000 12.63888888888889 0.1875
2800000 12.666666666666666 0.203125
2850000 12.666666666666666 0.25
2900000 12.583333333333334 0.859375
2950000 12.583333333333334 0.1875
3000000 12.583333333333334 0.234375
