50000 0.25 0.078125
100000 2.9166666666666665 0.671875
150000 3.2777777777777777 0.640625
200000 2.2222222222222223 0.625
250000 1.1666666666666667 1.125
300000 1.0277777777777777 0.59375
350000 1.0833333333333333 0.46875
400000 2.7222222222222223 0.921875
450000 5.333333333333333 0.765625
500000 5.916666666666667 0.75
550000 6.222222222222222 0.828125
600000 5.638888888888889 0.703125
650000 5.722222222222222 0.796875
700000 6.138888888888889 0.703125
750000 6.861111111111111 0.515625
800000 6.694444444444445 0.65625
850000 6.5 0.71875
900000 6.75 0.65625
950000 7.138888888888889 0.71875
1000000 7.055555555555555 0.859375
1050000 6.916666666666667 0.703125
1100000 7.305555555555555 0.703125
1150000 7.472222222222222 0.921875
1200000 7.666666666666667 0.625
1250000 8.11111111111111 0.71875
1300000 7.916666666666667 0.71875
1350000 7.944444444444445 0.765625
1400000 7.833333333333333 0.65625
1450000 7.972222222222222 0.6875
1500000 8.0 0.796875
1550000 7.611111111111111 0.75
1600000 7.722222222222222 0.59375
1650000 7.5 0.734375
1700000 7.75 0.671875
1750000 7.527777777777778 0.90625
1800000 7.944444444444445 0.6875
1850000 8.0 0.734375
1900000 7.833333333333333 0.78125
1950000 8.083333333333334 0.765625
2000000 7.833333333333333 0.578125
2050000 7.777777777777778 1.015625
2100000 7.944444444444445 0.765625
2150000 8.36111111111111 0.8125
2200000 8.13888888888889 0.671875
2250000 8.36111111111111 0.546875
2300000 8.194444444444445 0.75
2350000 8.194444444444445 0.84375
2400000 8.472222222222221 0.828125
2450000 8.333333333333334 0.5625
2500000 8.027777777777779 0.609375
2550000 8.555555555555555 0.828125
2600000 7.916666666666667 0.875
2650000 8.13888888888889 0.921875
2700000 8.11111111111111 0.796875
2750000 8.055555555555555 0.671875
2800000 7.722222222222222 0.609375
2850000 8.555555555555555 0.90625
2900000 8.222222222222221 0.875
2950000 8.472222222222221 0.703125
3000000 8.36111111111111 0.703125
