50000 0.1388888888888889 0.0625
100000 1.5 0.875
150000 3.0 1.078125
200000 1.5833333333333333 1.0
250000 1.0 1.125
300000 0.8611111111111112 0.75
350000 1.2222222222222223 1.5
400000 1.4166666666666667 1.125
450000 3.9722222222222223 1.125
500000 6.083333333333333 1.25
550000 5.388888888888889 1.625
600000 5.722222222222222 1.0
650000 5.888888888888889 1.375
700000 6.444444444444445 1.125
750000 6.527777777777778 1.609375
800000 5.638888888888889 1.25
850000 6.361111111111111 0.875
900000 6.111111111111111 1.25
950000 6.527777777777778 1.359375
1000000 6.694444444444445 1.25
1050000 7.444444444444445 1.5
1100000 6.555555555555555 1.625
1150000 6.611111111111111 1.25
1200000 7.083333333333333 1.25
1250000 7.222222222222222 1.25
1300000 7.166666666666667 1.25
1350000 7.722222222222222 1.25
1400000 7.444444444444445 1.625
1450000 7.888888888888889 1.5
1500000 7.527777777777778 1.125
1550000 7.5 1.25
1600000 7.277777777777778 1.25
1650000 7.5 1.4375
1700000 7.25 1.25
1750000 7.361111111111111 1.125
1800000 7.916666666666667 1.15625
1850000 7.722222222222222 1.5
1900000 7.722222222222222 1.25
1950000 7.527777777777778 1.25
2000000 8.083333333333334 1.625
2050000 7.833333333333333 1.25
2100000 7.694444444444445 1.625
2150000 7.972222222222222 1.640625
2200000 8.25 1.265625
2250000 8.222222222222221 1.25
2300000 8.444444444444445 1.28125
2350000 8.666666666666666 0.875
2400000 8.083333333333334 0.890625
2450000 8.25 1.125
2500000 7.972222222222222 1.125
2550000 7.805555555555555 1.234375
2600000 8.472222222222221 1.375
2650000 8.777777777777779 1.203125
2700000 8.666666666666666 1.125
2750000 9.13888888888889 1.125
2800000 8.972222222222221 1.25
2850000 8.666666666666666 1.28125
2900000 9.0 1.625
2950000 9.222222222222221 1.5
3000000 8.805555555555555 1.625
