50000 10.38888888888889 0.1875
100000 10.833333333333334 0.203125
150000 11.305555555555555 0.21875
200000 11.38888888888889 0.171875
250000 11.38888888888889 0.328125
300000 11.36111111111111 0.140625
350000 11.38888888888889 0.171875
400000 11.38888888888889 0.234375
450000 11.38888888888889 0.21875
500000 11.38888888888889 0.234375
550000 11.36111111111111 0.25
600000 11.38888888888889 0.21875
650000 11.36111111111111 0.21875
700000 11.305555555555555 0.1875
750000 11.38888888888889 0.21875
800000 11.333333333333334 0.234375
850000 11.083333333333334 0.78125
900000 10.972222222222221 0.171875
950000 11.63888888888889 0.25
1000000 11.63888888888889 0.21875
1050000 11.666666666666666 0.21875
1100000 10.527777777777779 0.1875
1150000 11.61111111111111 0.1875
1200000 11.583333333333334 0.25
1250000 11.416666666666666 0.140625
1300000 11.416666666666666 0.1875
1350000 11.722222222222221 0.203125
1400000 11.36111111111111 0.171875
1450000 11.61111111111111 1.09375
1500000 11.5 0.234375
1550000 11.38888888888889 0.234375
1600000 11.722222222222221 0.1875
1650000 11.75 0.171875
1700000 11.722222222222221 0.234375
1750000 10.5 0.203125
1800000 11.75 0.21875
1850000 11.055555555555555 0.21875
1900000 11.722222222222221 0.234375
1950000 11.38888888888889 0.21875
2000000 11.194444444444445 0.21875
2050000 11.63888888888889 0.203125
2100000 11.777777777777779 0.234375
2150000 11.722222222222221 0.1875
2200000 11.722222222222221 0.21875
2250000 11.444444444444445 0.25
2300000 11.75 0.375
2350000 11.777777777777779 0.234375
2400000 11.666666666666666 0.234375
2450000 11.75 0.1875
2500000 11.305555555555555 0.21875
2550000 11.777777777777779 0.171875
2600000 11.777777777777779 0.1875
2650000 11.472222222222221 0.1875
2700000 11.25 0.171875
2750000 11.722222222222221 0.203125
2800000 10.13888888888889 0.21875
2850000 11.777777777777779 0.21875
2900000 11.722222222222221 0.84375
2950000 11.722222222222221 0.171875
3000000 11.75 0.1875
