50000 0.1111111111111111 0.046875
100000 1.5555555555555556 0.953125
150000 2.861111111111111 1.359375
200000 2.3333333333333335 1.4375
250000 1.1388888888888888 1.25
300000 1.1111111111111112 1.0
350000 1.2777777777777777 1.375
400000 1.8333333333333333 1.125
450000 3.5277777777777777 1.125
500000 5.916666666666667 1.109375
550000 5.805555555555555 1.625
600000 5.583333333333333 1.5
650000 6.083333333333333 1.25
700000 6.055555555555555 0.96875
750000 5.75 1.25
800000 6.555555555555555 1.140625
850000 6.444444444444445 1.375
900000 6.555555555555555 1.109375
950000 6.666666666666667 1.40625
1000000 7.916666666666667 1.625
1050000 8.277777777777779 1.5
1100000 8.722222222222221 1.5
1150000 8.555555555555555 1.375
1200000 8.36111111111111 1.25
1250000 8.38888888888889 1.125
1300000 8.25 1.125
1350000 7.75 1.125
1400000 8.083333333333334 1.125
1450000 8.13888888888889 1.625
1500000 8.63888888888889 1.21875
1550000 8.38888888888889 1.21875
1600000 8.25 1.5
1650000 8.61111111111111 1.125
1700000 8.666666666666666 1.140625
1750000 8.25 1.0
1800000 8.583333333333334 1.078125
1850000 8.61111111111111 1.234375
1900000 8.666666666666666 1.609375
1950000 9.13888888888889 1.25
2000000 8.972222222222221 1.234375
2050000 8.694444444444445 1.25
2100000 8.972222222222221 1.125
2150000 8.194444444444445 0.96875
2200000 8.38888888888889 1.1875
2250000 8.972222222222221 1.125
2300000 9.055555555555555 1.25
2350000 8.63888888888889 1.625
2400000 8.944444444444445 1.0
2450000 9.222222222222221 1.25
2500000 8.88888888888889 1.5
2550000 9.277777777777779 1.25
2600000 9.305555555555555 1.125
2650000 8.833333333333334 1.25
2700000 9.13888888888889 1.25
2750000 9.416666666666666 1.25
2800000 9.416666666666666 1.375
2850000 9.222222222222221 1.125
2900000 9.13888888888889 1.109375
2950000 9.0 0.875
3000000 9.416666666666666 1.5
