50000 9.75 0.203125
100000 10.916666666666666 0.140625
150000 11.11111111111111 0.171875
200000 11.0 0.25
250000 11.083333333333334 0.28125
300000 11.11111111111111 0.234375
350000 11.11111111111111 0.171875
400000 11.11111111111111 0.234375
450000 11.11111111111111 0.171875
500000 11.11111111111111 0.140625
550000 10.972222222222221 0.203125
600000 10.472222222222221 0.234375
650000 11.13888888888889 0.21875
700000 11.13888888888889 0.140625
750000 11.055555555555555 0.125
800000 11.055555555555555 0.140625
850000 11.083333333333334 0.484375
900000 11.083333333333334 0.21875
950000 12.0 0.25
1000000 12.027777777777779 0.1875
1050000 11.722222222222221 0.234375
1100000 12.027777777777779 0.203125
1150000 12.194444444444445 0.203125
1200000 12.194444444444445 0.234375
1250000 12.166666666666666 0.203125
1300000 12.166666666666666 0.1875
1350000 11.833333333333334 0.21875
1400000 11.86111111111111 0.234375
1450000 12.166666666666666 0.796875
1500000 12.194444444444445 0.234375
1550000 12.083333333333334 0.234375
1600000 12.083333333333334 0.21875
1650000 12.055555555555555 0.25
1700000 12.027777777777779 0.25
1750000 12.083333333333334 0.1875
1800000 12.083333333333334 0.21875
1850000 12.083333333333334 0.234375
1900000 11.88888888888889 0.171875
1950000 12.027777777777779 0.171875
2000000 12.055555555555555 0.21875
2050000 12.194444444444445 0.234375
2100000 12.166666666666666 0.234375
2150000 12.083333333333334 0.1875
2200000 12.166666666666666 0.234375
2250000 12.083333333333334 0.21875
2300000 12.194444444444445 0.359375
2350000 12.194444444444445 0.171875
2400000 12.083333333333334 0.203125
2450000 12.25 0.203125
2500000 12.083333333333334 0.203125
2550000 12.166666666666666 0.203125
2600000 12.166666666666666 0.234375
2650000 12.083333333333334 0.140625
2700000 12.166666666666666 0.171875
2750000 12.166666666666666 0.140625
2800000 12.055555555555555 0.171875
2850000 12.055555555555555 0.140625
2900000 12.194444444444445 1.15625
2950000 12.194444444444445 0.171875
3000000 12.166666666666666 0.234375
