50000 0.1388888888888889 0.03125
100000 2.638888888888889 0.671875
150000 2.4166666666666665 0.75
200000 1.9166666666666667 1.25
250000 1.6944444444444444 1.0
300000 1.4166666666666667 0.875
350000 1.1944444444444444 0.75
400000 1.8611111111111112 1.0
450000 3.861111111111111 1.046875
500000 6.416666666666667 1.25
550000 7.166666666666667 0.875
600000 7.277777777777778 1.25
650000 6.194444444444445 1.59375
700000 6.694444444444445 0.875
750000 6.111111111111111 1.5
800000 6.527777777777778 1.25
850000 6.305555555555555 1.234375
900000 6.916666666666667 1.125
950000 7.027777777777778 1.25
1000000 6.5 1.515625
1050000 6.388888888888889 0.921875
1100000 6.916666666666667 1.625
1150000 7.333333333333333 1.5
1200000 7.166666666666667 1.25
1250000 7.305555555555555 1.125
1300000 7.388888888888889 1.125
1350000 7.055555555555555 1.25
1400000 6.75 1.125
1450000 7.333333333333333 0.875
1500000 7.527777777777778 1.0
1550000 7.138888888888889 1.125
1600000 7.972222222222222 1.5
1650000 7.805555555555555 1.625
1700000 7.833333333333333 1.25
1750000 7.972222222222222 1.0
1800000 8.083333333333334 1.5
1850000 7.972222222222222 1.125
1900000 7.583333333333333 1.203125
1950000 7.777777777777778 1.625
2000000 7.833333333333333 1.125
2050000 7.972222222222222 1.25
2100000 7.972222222222222 1.25
2150000 8.333333333333334 1.25
2200000 8.444444444444445 1.140625
2250000 8.38888888888889 1.125
2300000 8.694444444444445 1.25
2350000 8.972222222222221 1.171875
2400000 8.805555555555555 1.625
2450000 8.38888888888889 1.625
2500000 8.5 1.625
2550000 8.86111111111111 1.125
2600000 8.722222222222221 1.625
2650000 9.13888888888889 1.125
2700000 8.833333333333334 1.625
2750000 9.222222222222221 1.234375
2800000 8.86111111111111 1.234375
2850000 9.0 1.125
2900000 8.61111111111111 1.53125
2950000 9.5 1.25
3000000 9.25 1.25
