50000 9.333333333333334 0.203125
100000 10.555555555555555 0.125
150000 11.11111111111111 0.234375
200000 11.13888888888889 0.21875
250000 11.11111111111111 0.234375
300000 11.13888888888889 0.21875
350000 11.11111111111111 0.234375
400000 11.083333333333334 0.171875
450000 11.13888888888889 0.1875
500000 11.166666666666666 0.25
550000 10.88888888888889 0.21875
600000 11.166666666666666 0.140625
650000 11.194444444444445 0.203125
700000 10.694444444444445 0.140625
750000 11.166666666666666 0.25
800000 10.944444444444445 0.21875
850000 10.86111111111111 0.75
900000 11.13888888888889 0.1875
950000 11.027777777777779 0.203125
1000000 11.194444444444445 0.1875
1050000 10.86111111111111 0.234375
1100000 11.194444444444445 0.203125
1150000 11.166666666666666 0.25
1200000 11.194444444444445 0.21875
1250000 10.916666666666666 0.25
1300000 11.166666666666666 0.171875
1350000 11.194444444444445 0.234375
1400000 11.166666666666666 0.25
1450000 11.194444444444445 1.265625
1500000 11.222222222222221 0.21875
1550000 11.75 0.21875
1600000 11.777777777777779 0.171875
1650000 11.777777777777779 0.1875
1700000 11.5 0.21875
1750000 11.722222222222221 0.21875
1800000 11.805555555555555 0.140625
1850000 11.777777777777779 0.1875
1900000 11.666666666666666 0.234375
1950000 11.805555555555555 0.234375
2000000 11.277777777777779 0.1875
2050000 10.36111111111111 0.21875
2100000 11.805555555555555 0.21875
2150000 11.777777777777779 0.140625
2200000 11.777777777777779 0.171875
2250000 11.805555555555555 0.21875
2300000 11.805555555555555 0.625
2350000 11.166666666666666 0.140625
2400000 11.222222222222221 0.234375
2450000 11.666666666666666 0.21875
2500000 11.305555555555555 0.234375
2550000 11.444444444444445 0.21875
2600000 11.75 0.234375
2650000 10.722222222222221 0.203125
2700000 11.805555555555555 0.234375
2750000 11.166666666666666 0.234375
2800000 11.63888888888889 0.234375
2850000 11.777777777777779 0.171875
2900000 11.305555555555555 0.875
2950000 11.805555555555555 0.1875
3000000 11.805555555555555 0.1875
