50000 10.333333333333334 0.15625
100000 10.722222222222221 0.171875
150000 12.13888888888889 0.171875
200000 12.305555555555555 0.171875
250000 11.972222222222221 0.359375
300000 12.333333333333334 0.171875
350000 12.194444444444445 0.21875
400000 12.333333333333334 0.1875
450000 12.194444444444445 0.125
500000 11.0 0.171875
550000 12.25 0.171875
600000 12.333333333333334 0.171875
650000 12.333333333333334 0.21875
700000 12.305555555555555 0.15625
750000 12.055555555555555 0.203125
800000 12.333333333333334 0.234375
850000 12.333333333333334 0.9375
900000 12.333333333333334 0.171875
950000 12.13888888888889 0.21875
1000000 12.333333333333334 0.234375
1050000 12.333333333333334 0.234375
1100000 12.333333333333334 0.171875
1150000 12.222222222222221 0.171875
1200000 12.333333333333334 0.234375
1250000 12.166666666666666 0.171875
1300000 12.222222222222221 0.21875
1350000 12.333333333333334 0.171875
1400000 12.333333333333334 0.1875
1450000 12.333333333333334 1.421875
1500000 12.333333333333334 0.171875
1550000 12.333333333333334 0.171875
1600000 12.222222222222221 0.171875
1650000 12.222222222222221 0.21875
1700000 12.333333333333334 0.28125
1750000 12.333333333333334 0.171875
1800000 11.88888888888889 0.21875
1850000 12.333333333333334 0.171875
1900000 12.333333333333334 0.1875
1950000 12.25 0.25
2000000 12.333333333333334 0.21875
2050000 12.333333333333334 0.15625
2100000 12.333333333333334 0.234375
2150000 12.083333333333334 0.15625
2200000 12.333333333333334 0.171875
2250000 12.333333333333334 0.203125
2300000 12.333333333333334 0.734375
2350000 12.333333333333334 0.171875
2400000 12.222222222222221 0.1875
2450000 12.222222222222221 0.15625
2500000 12.222222222222221 0.234375
2550000 12.305555555555555 0.171875
2600000 12.222222222222221 0.171875
2650000 12.333333333333334 0.171875
2700000 12.333333333333334 0.234375
2750000 12.36111111111111 0.171875
2800000 12.25 0.171875
2850000 12.36111111111111 0.171875
2900000 12.38888888888889 1.265625
2950000 12.38888888888889 0.171875
3000000 12.38888888888889 0.21875
