50000 9.916666666666666 0.1875
100000 11.083333333333334 0.234375
150000 11.166666666666666 0.234375
200000 11.194444444444445 0.234375
250000 11.333333333333334 0.25
300000 11.416666666666666 0.1875
350000 11.416666666666666 0.234375
400000 11.416666666666666 0.234375
450000 11.416666666666666 0.125
500000 11.416666666666666 0.171875
550000 11.36111111111111 0.234375
600000 11.36111111111111 0.203125
650000 12.083333333333334 0.25
700000 12.194444444444445 0.234375
750000 12.166666666666666 0.234375
800000 12.166666666666666 0.234375
850000 12.36111111111111 0.765625
900000 12.38888888888889 0.1875
950000 12.38888888888889 0.1875
1000000 12.38888888888889 0.25
1050000 12.38888888888889 0.21875
1100000 12.38888888888889 0.203125
1150000 12.38888888888889 0.25
1200000 12.416666666666666 0.171875
1250000 12.305555555555555 0.15625
1300000 12.305555555555555 0.234375
1350000 12.38888888888889 0.25
1400000 12.38888888888889 0.171875
1450000 12.333333333333334 0.84375
1500000 12.25 0.1875
1550000 12.416666666666666 0.21875
1600000 12.38888888888889 0.171875
1650000 12.38888888888889 0.234375
1700000 12.38888888888889 0.171875
1750000 12.38888888888889 0.21875
1800000 11.583333333333334 0.234375
1850000 12.13888888888889 0.203125
1900000 12.36111111111111 0.25
1950000 12.38888888888889 0.234375
2000000 12.38888888888889 0.25
2050000 11.88888888888889 0.21875
2100000 12.194444444444445 0.234375
2150000 12.416666666666666 0.1875
2200000 12.277777777777779 0.21875
2250000 12.416666666666666 0.234375
2300000 11.972222222222221 0.390625
2350000 12.305555555555555 0.171875
2400000 11.722222222222221 0.21875
2450000 11.972222222222221 0.140625
2500000 12.38888888888889 0.234375
2550000 11.86111111111111 0.234375
2600000 12.416666666666666 0.1875
2650000 12.416666666666666 0.25
2700000 12.416666666666666 0.21875
2750000 12.38888888888889 0.21875
2800000 11.86111111111111 0.234375
2850000 12.38888888888889 0.21875
2900000 12.0 1.125
2950000 12.38888888888889 0.171875
3000000 12.305555555555555 0.203125
