50000 0.3333333333333333 0.06362232299943571
100000 2.1666666666666665 0.09667742199962959
150000 1.3888888888888888 0.10041295699920738
200000 0.7777777777777778 0.09711186800268479
250000 1.6666666666666667 0.09923407699898235
300000 2.111111111111111 0.10197912600051495
350000 3.3055555555555554 0.1036980790013331
400000 3.861111111111111 0.10283915699983481
450000 4.166666666666667 0.10316967700055102
500000 4.111111111111111 0.10296765900056926
550000 4.277777777777778 0.10312199899999541
600000 4.333333333333333 0.1031313349994889
650000 4.388888888888889 0.10360697700161836
700000 4.416666666666667 0.10340129199903458
750000 4.361111111111111 0.10301507799886167
800000 4.194444444444445 0.1029537030008214
850000 4.305555555555555 0.10317531799955759
900000 4.361111111111111 0.10292235399901983
950000 4.25 0.10344973300016136
1000000 4.388888888888889 0.10332570999889867
1050000 4.305555555555555 0.10305383000013535
1100000 4.416666666666667 0.10323380699992413
1150000 4.5 0.10286641900165705
1200000 4.611111111111111 0.10326131900001201
1250000 4.638888888888889 0.10304631699909805
1300000 4.555555555555555 0.1033991469994362
1350000 4.694444444444445 0.10337202699884074
1400000 4.694444444444445 0.10291870700166328
1450000 4.611111111111111 0.1035088540011202
1500000 4.5 0.10294331300246995
1550000 4.527777777777778 0.10313458099699346
1600000 4.638888888888889 0.10249630499674822
1650000 4.555555555555555 0.10326251099832007
1700000 4.527777777777778 0.10274174499863875
1750000 4.611111111111111 0.1030165490010404
1800000 4.527777777777778 0.10302101899651461
1850000 4.555555555555555 0.1027818490001664
1900000 4.583333333333333 0.10291908699946362
1950000 4.611111111111111 0.10334741200131248
2000000 4.888888888888889 0.10325479799939785
2050000 4.805555555555555 0.10302692999903229
2100000 4.777777777777778 0.10322909000024083
2150000 4.527777777777778 0.10252209299869719
2200000 4.611111111111111 0.10306389900142676
2250000 4.638888888888889 0.1028194499995152
2300000 4.611111111111111 0.10295817099904525
2350000 4.555555555555555 0.10282568199909292
2400000 4.638888888888889 0.10294724100094754
2450000 4.611111111111111 0.10298179599703872
2500000 4.722222222222222 0.10332473699963884
2550000 4.75 0.10299394699904951
2600000 4.75 0.10321782800019719
2650000 4.777777777777778 0.10270042800038937
2700000 4.916666666666667 0.10316458699890063
2750000 4.777777777777778 0.10319261200129404
2800000 4.777777777777778 0.10332734399707988
2850000 4.805555555555555 0.10306077399945934
2900000 4.583333333333333 0.10329458100022748
2950000 4.638888888888889 0.10321324899996398
3000000 4.805555555555555 0.10273394099931465
