50000 4.888888888888889 0.12458549899747595
100000 5.472222222222222 0.12473083199438406
150000 5.472222222222222 0.12315989700437058
200000 4.777777777777778 0.12331551800161833
250000 5.361111111111111 0.12338399600412231
300000 5.527777777777778 0.12456794700119644
350000 5.472222222222222 0.12424279699916951
400000 5.527777777777778 0.12417980800091755
450000 5.527777777777778 0.1246988720013178
500000 5.527777777777778 0.1236015749964281
550000 5.527777777777778 0.12350545400113333
600000 5.527777777777778 0.12362263199611334
650000 5.527777777777778 0.12418328599596862
700000 5.527777777777778 0.12431125500006601
750000 5.444444444444445 0.12327071499748854
800000 5.472222222222222 0.12333000500075286
850000 5.527777777777778 0.12304294599744026
900000 5.527777777777778 0.12372251199849416
950000 5.527777777777778 0.12432077300036326
1000000 5.527777777777778 0.12406855000153882
1050000 5.527777777777778 0.12485155899776146
1100000 5.527777777777778 0.12401646999933291
1150000 5.305555555555555 0.12493291099963244
1200000 5.527777777777778 0.12473445799696492
1250000 5.555555555555555 0.12426872700598324
1300000 5.5 0.1245805200014729
1350000 5.055555555555555 0.11991534200205933
1400000 5.555555555555555 0.12540410500514554
1450000 5.555555555555555 0.12391857799957506
1500000 5.555555555555555 0.12527437200333225
1550000 5.555555555555555 0.12433315700036474
1600000 5.555555555555555 0.1239323530026013
1650000 5.416666666666667 0.12378403700131457
1700000 5.555555555555555 0.12402807499893242
1750000 5.555555555555555 0.12393958799657412
1800000 5.111111111111111 0.12482486899534706
1850000 5.305555555555555 0.12354854499426438
1900000 5.388888888888889 0.12491674200282432
1950000 5.555555555555555 0.12418064100347692
2000000 5.416666666666667 0.12395334400207503
2050000 5.555555555555555 0.12397379200410796
2100000 5.527777777777778 0.12530630100081908
2150000 5.555555555555555 0.12477237999701174
2200000 5.555555555555555 0.1235681010002736
2250000 5.555555555555555 0.124887457001023
2300000 5.555555555555555 0.12383260700153187
2350000 5.555555555555555 0.12374672800069675
2400000 5.527777777777778 0.1232482919949689
2450000 5.5 0.12281158300174866
2500000 5.555555555555555 0.12430428199877497
2550000 5.555555555555555 0.12373459299851675
2600000 5.555555555555555 0.1240308289998211
2650000 5.555555555555555 0.12494035499548772
2700000 5.555555555555555 0.12387309299811022
2750000 5.555555555555555 0.12463892999949167
2800000 5.555555555555555 0.12324427400017157
2850000 5.555555555555555 0.12353175199677935
2900000 5.555555555555555 0.12329244499414926
2950000 5.555555555555555 0.12386685200181091
3000000 5.555555555555555 0.12473615999624599
