50000 4.75 0.12455094499819097
100000 5.388888888888889 0.12339195900131017
150000 5.416666666666667 0.12310267800057773
200000 5.416666666666667 0.12299623000217252
250000 5.416666666666667 0.1235503179996158
300000 5.194444444444445 0.12381290999837802
350000 5.416666666666667 0.12416030199892703
400000 5.416666666666667 0.12270620499839424
450000 5.444444444444445 0.12394559899985325
500000 5.472222222222222 0.12267732100008288
550000 5.388888888888889 0.12383056299950113
600000 5.472222222222222 0.12386823400083813
650000 5.472222222222222 0.12298006999844802
700000 5.472222222222222 0.12515953599722707
750000 5.472222222222222 0.12385344699941925
800000 5.055555555555555 0.12360603200067999
850000 5.472222222222222 0.12350958100068965
900000 5.305555555555555 0.1246524349990068
950000 5.472222222222222 0.12347983499785187
1000000 5.472222222222222 0.12316351299887174
1050000 5.444444444444445 0.12389289000202552
1100000 5.472222222222222 0.12381016599829309
1150000 5.472222222222222 0.12403391300176736
1200000 5.472222222222222 0.12427124100213405
1250000 5.305555555555555 0.12437322200275958
1300000 5.472222222222222 0.12425052099933964
1350000 5.472222222222222 0.12319891800143523
1400000 5.472222222222222 0.1244755929983512
1450000 5.472222222222222 0.12395546900006593
1500000 5.472222222222222 0.12462633699760772
1550000 5.472222222222222 0.12410986700342619
1600000 5.472222222222222 0.12400921999869752
1650000 5.472222222222222 0.12468571800127393
1700000 5.472222222222222 0.12364301300112857
1750000 5.472222222222222 0.12413112700232887
1800000 5.472222222222222 0.12372145900008036
1850000 5.472222222222222 0.12442748299872619
1900000 5.388888888888889 0.12432295600228827
1950000 5.472222222222222 0.12325173800127232
2000000 5.25 0.12357756099663675
2050000 5.222222222222222 0.12418438799795695
2100000 5.472222222222222 0.12385492999965209
2150000 5.472222222222222 0.12398527299956186
2200000 5.472222222222222 0.12378356600311236
2250000 5.472222222222222 0.1230051860002277
2300000 5.472222222222222 0.12376548199972603
2350000 5.472222222222222 0.12399856200136128
2400000 5.472222222222222 0.1245263189994148
2450000 5.472222222222222 0.12353639200227917
2500000 5.472222222222222 0.12451402499937103
2550000 5.472222222222222 0.12435617899973295
2600000 5.388888888888889 0.1244497150000825
2650000 5.472222222222222 0.12442287399971974
2700000 5.472222222222222 0.12478510200162418
2750000 5.222222222222222 0.12361974899977213
2800000 5.472222222222222 0.12300761100050295
2850000 5.472222222222222 0.12403787199946237
2900000 5.444444444444445 0.12379216200133669
2950000 5.472222222222222 0.12396381400321843
3000000 5.333333333333333 0.1222133510018466
