50000 0.1111111111111111 0.05447432800428942
100000 1.25 0.0961639289962477
150000 1.3333333333333333 0.09847331099445
200000 1.0277777777777777 0.09923418700054754
250000 1.6388888888888888 0.10044447600375861
300000 3.1944444444444446 0.10141183999803616
350000 3.388888888888889 0.10262227099883603
400000 3.861111111111111 0.10255768899514806
450000 3.9166666666666665 0.10243988000001991
500000 4.055555555555555 0.10267017099977238
550000 4.083333333333333 0.10233924999920418
600000 4.194444444444445 0.10222772000270197
650000 4.222222222222222 0.10238616800052114
700000 4.472222222222222 0.10236231399903772
750000 4.444444444444445 0.10217026399914175
800000 4.5 0.10258427900407696
850000 4.527777777777778 0.10251990999677218
900000 4.472222222222222 0.10216837000189116
950000 4.555555555555555 0.10234097300417488
1000000 4.611111111111111 0.102324191997468
1050000 4.583333333333333 0.1025447450010688
1100000 4.611111111111111 0.1022544010047568
1150000 4.611111111111111 0.10296700699836947
1200000 4.611111111111111 0.10279243999684695
1250000 4.638888888888889 0.10242501099855872
1300000 4.722222222222222 0.1025326929957373
1350000 4.694444444444445 0.10241117599798599
1400000 4.694444444444445 0.10271885299880523
1450000 4.722222222222222 0.10272511400398798
1500000 4.722222222222222 0.10239730800094549
1550000 4.583333333333333 0.10274877899792045
1600000 4.75 0.10261922500649234
1650000 4.527777777777778 0.10253270300017903
1700000 4.722222222222222 0.10216533300263109
1750000 4.722222222222222 0.10314234600082273
1800000 4.694444444444445 0.10239092700066976
1850000 4.777777777777778 0.10237683000013931
1900000 4.583333333333333 0.10256297000159975
1950000 4.75 0.10241573300299933
2000000 4.833333333333333 0.10196509799425257
2050000 4.777777777777778 0.1029834180008038
2100000 4.638888888888889 0.10229912399518071
2150000 4.777777777777778 0.10257007500331383
2200000 4.666666666666667 0.10263088799547404
2250000 4.805555555555555 0.10228955599450273
2300000 4.833333333333333 0.10237714099639561
2350000 4.694444444444445 0.10210005199769512
2400000 4.888888888888889 0.1023900770014734
2450000 4.805555555555555 0.10211739400256192
2500000 4.75 0.10263521500019124
2550000 4.861111111111111 0.102572660005535
2600000 4.916666666666667 0.10243600100511685
2650000 4.861111111111111 0.1025208310020389
2700000 4.805555555555555 0.10217523200117284
2750000 4.972222222222222 0.10266207499807933
2800000 4.861111111111111 0.10256041400134563
2850000 4.916666666666667 0.10251827599859098
2900000 4.916666666666667 0.10228351600380847
2950000 5.0 0.10250571199867409
3000000 5.027777777777778 0.10229416599759134
