50000 4.388888888888889 0.12397324100000162
100000 5.194444444444445 0.12352364599999532
150000 4.555555555555555 0.12059220999998388
200000 5.194444444444445 0.12224432800002205
250000 5.25 0.12362806400000181
300000 5.388888888888889 0.12456256699999813
350000 5.388888888888889 0.12380828200002725
400000 5.416666666666667 0.12272719500003859
450000 5.416666666666667 0.12399113300000408
500000 5.416666666666667 0.12276073800001086
550000 5.333333333333333 0.12386712199986505
600000 5.416666666666667 0.12324902300019858
650000 5.138888888888889 0.1240533319999031
700000 5.444444444444445 0.12336739500005933
750000 5.444444444444445 0.12308250099999896
800000 5.333333333333333 0.1245634169999903
850000 5.444444444444445 0.12307291199999781
900000 5.277777777777778 0.12032105299999785
950000 5.444444444444445 0.12394375500002752
1000000 5.444444444444445 0.12299861200017403
1050000 5.444444444444445 0.12417151299996476
1100000 5.444444444444445 0.12336045099982584
1150000 5.444444444444445 0.12332515599973704
1200000 5.444444444444445 0.12363389399979496
1250000 5.444444444444445 0.12349136700004237
1300000 5.444444444444445 0.12359911099974852
1350000 5.444444444444445 0.12308068699985597
1400000 5.444444444444445 0.12344953000001624
1450000 5.444444444444445 0.12329485000009299
1500000 5.444444444444445 0.12404324299996006
1550000 5.444444444444445 0.123684368999875
1600000 5.444444444444445 0.12321209299989277
1650000 5.444444444444445 0.12355140099998607
1700000 5.444444444444445 0.12317150799981391
1750000 5.444444444444445 0.12401714499992522
1800000 5.388888888888889 0.12432736499977182
1850000 5.444444444444445 0.12317545599989899
1900000 5.444444444444445 0.12356212000031519
1950000 5.444444444444445 0.12251051899966114
2000000 5.444444444444445 0.12363332499990065
2050000 5.444444444444445 0.12338802400017812
2100000 5.444444444444445 0.12409230399998705
2150000 5.444444444444445 0.12414813899977162
2200000 5.444444444444445 0.12318816900005913
2250000 5.444444444444445 0.1239443479998954
2300000 5.277777777777778 0.12351634499918873
2350000 5.444444444444445 0.12343182600034197
2400000 5.444444444444445 0.1232390850000229
2450000 5.361111111111111 0.12261774000035075
2500000 5.444444444444445 0.1239613890002147
2550000 5.444444444444445 0.12295724599971436
2600000 5.444444444444445 0.12422715699995024
2650000 4.805555555555555 0.12369340699933673
2700000 5.333333333333333 0.1233750979999968
2750000 5.444444444444445 0.12342698700012988
2800000 5.444444444444445 0.12343048299953807
2850000 5.444444444444445 0.12428828100019018
2900000 5.444444444444445 0.12358151500029635
2950000 5.444444444444445 0.12310903100024007
3000000 5.444444444444445 0.12307494700053212
