50000 0.1111111111111111 0.062371997999434825
100000 2.2222222222222223 0.09710390200052643
150000 1.1111111111111112 0.09877054900061921
200000 0.8611111111111112 0.09799422300056904
250000 2.0277777777777777 0.09840060400165385
300000 2.388888888888889 0.10256795900204452
350000 2.9444444444444446 0.10160450400144327
400000 3.6944444444444446 0.10336707800161093
450000 3.75 0.10342741099884734
500000 3.888888888888889 0.10299024100095266
550000 4.083333333333333 0.10298668399991584
600000 4.138888888888889 0.10359387400239939
650000 4.166666666666667 0.10321339999791235
700000 4.138888888888889 0.10300179199839476
750000 4.25 0.10302094899816439
800000 4.333333333333333 0.10327328200219199
850000 4.305555555555555 0.10302069800309255
900000 4.222222222222222 0.10342152900193469
950000 4.222222222222222 0.1032764279989351
1000000 4.138888888888889 0.10313542299991241
1050000 4.138888888888889 0.1033628889999818
1100000 4.111111111111111 0.10318754100080696
1150000 4.138888888888889 0.10309724300168455
1200000 4.138888888888889 0.10243863600044278
1250000 4.25 0.10294197099574376
1300000 4.277777777777778 0.1031907369979308
1350000 4.361111111111111 0.10346777700033272
1400000 4.333333333333333 0.10222177999821724
1450000 4.333333333333333 0.10233694599446608
1500000 4.444444444444445 0.10313990199938416
1550000 4.5 0.1025915240024915
1600000 4.5 0.10224964199733222
1650000 4.5 0.10280081599921687
1700000 4.472222222222222 0.10272879100375576
1750000 4.527777777777778 0.10270160000072792
1800000 4.5 0.1032900230056839
1850000 4.527777777777778 0.10301630100002512
1900000 4.527777777777778 0.10306175600271672
1950000 4.555555555555555 0.10266945000330452
2000000 4.555555555555555 0.10296964300505351
2050000 4.583333333333333 0.10336437200021464
2100000 4.638888888888889 0.10291586200037273
2150000 4.583333333333333 0.10299009199661668
2200000 4.611111111111111 0.10275684400403406
2250000 4.666666666666667 0.10312052500376012
2300000 4.666666666666667 0.10297070499655092
2350000 4.722222222222222 0.10301365399936913
2400000 4.694444444444445 0.10320287899958203
2450000 4.722222222222222 0.10285043800104177
2500000 4.694444444444445 0.10337922100006836
2550000 4.694444444444445 0.10290838799846824
2600000 4.722222222222222 0.1026796980004292
2650000 4.722222222222222 0.1030126520054182
2700000 4.722222222222222 0.10308223399624694
2750000 4.666666666666667 0.10304110599827254
2800000 4.666666666666667 0.10323774599964963
2850000 4.638888888888889 0.10295672900247155
2900000 4.722222222222222 0.10314605299936375
2950000 4.638888888888889 0.10299619199940935
3000000 4.694444444444445 0.10282393099623732
