50000 0.1111111111111111 0.058025075995828956
100000 1.1111111111111112 0.09720318799372762
150000 0.9166666666666666 0.09615988199948333
200000 0.9444444444444444 0.09987861599802272
250000 1.6111111111111112 0.10076509899954544
300000 2.1944444444444446 0.1027502299984917
350000 2.861111111111111 0.10182587800227338
400000 3.111111111111111 0.1029445649983245
450000 3.5 0.10199751899926923
500000 3.5833333333333335 0.10275156400166452
550000 3.861111111111111 0.10332832499989308
600000 3.6666666666666665 0.10285472800023854
650000 3.7222222222222223 0.10191071599547286
700000 3.7777777777777777 0.10258103300293442
750000 4.0 0.10301153999898816
800000 4.027777777777778 0.10259535999648506
850000 4.194444444444445 0.1028880880039651
900000 4.222222222222222 0.10255760000291048
950000 4.277777777777778 0.10252539999783039
1000000 3.9166666666666665 0.10260391599877039
1050000 4.111111111111111 0.10273673600022448
1100000 4.138888888888889 0.1025746209998033
1150000 4.111111111111111 0.10299765399395255
1200000 4.305555555555555 0.10287918299582088
1250000 4.194444444444445 0.1027423759951489
1300000 4.527777777777778 0.10247854099725373
1350000 4.527777777777778 0.10284582000167575
1400000 4.555555555555555 0.10281151600065641
1450000 4.5 0.10263352299807593
1500000 4.444444444444445 0.10304130700387759
1550000 4.277777777777778 0.10329518200160237
1600000 4.611111111111111 0.10262152000359492
1650000 4.388888888888889 0.10257373000058578
1700000 4.805555555555555 0.10273867000069004
1750000 4.638888888888889 0.10232529499626253
1800000 4.694444444444445 0.10262471500027459
1850000 4.527777777777778 0.10271100699901581
1900000 4.805555555555555 0.1028164849994937
1950000 4.777777777777778 0.10263979400042444
2000000 4.611111111111111 0.10290714599977946
2050000 4.833333333333333 0.10274276699783513
2100000 4.833333333333333 0.10294916400016518
2150000 4.777777777777778 0.10277815500012366
2200000 4.888888888888889 0.1028765180017217
2250000 4.722222222222222 0.10242072199616814
2300000 4.527777777777778 0.10253463599656243
2350000 4.888888888888889 0.10259929799940437
2400000 4.888888888888889 0.10280493500613375
2450000 4.75 0.10256133799703093
2500000 4.777777777777778 0.10279674900084501
2550000 4.722222222222222 0.10309088099893415
2600000 4.888888888888889 0.10314848699636059
2650000 4.694444444444445 0.10287634799897205
2700000 4.777777777777778 0.10310658999514999
2750000 4.777777777777778 0.10292623300483683
2800000 4.722222222222222 0.10294297299697064
2850000 4.694444444444445 0.10317996599769685
2900000 4.694444444444445 0.10278612800175324
2950000 4.583333333333333 0.10265068399894517
3000000 4.361111111111111 0.1030029760004254
