50000 4.722222222222222 0.12373637699784013
100000 5.111111111111111 0.124395631995867
150000 5.083333333333333 0.123999900999479
200000 5.222222222222222 0.12304246600251645
250000 5.222222222222222 0.12296702400635695
300000 5.222222222222222 0.12429167899972526
350000 5.222222222222222 0.12475755200284766
400000 5.222222222222222 0.12265757400018629
450000 5.222222222222222 0.12397326999780489
500000 5.111111111111111 0.12279919900174718
550000 5.166666666666667 0.1211691940043238
600000 4.972222222222222 0.12393441900348989
650000 5.166666666666667 0.12392574200202944
700000 5.222222222222222 0.12448173300072085
750000 5.222222222222222 0.12403891400026623
800000 5.027777777777778 0.12463331099570496
850000 5.222222222222222 0.12301412200031336
900000 4.666666666666667 0.12180605799949262
950000 5.111111111111111 0.12346533900563372
1000000 5.0 0.12250533999758773
1050000 5.138888888888889 0.1242425149976043
1100000 5.25 0.12375410099775763
1150000 5.277777777777778 0.12333967399899848
1200000 5.277777777777778 0.1245569360035006
1250000 5.277777777777778 0.12298413500684546
1300000 4.888888888888889 0.12419639899599133
1350000 5.277777777777778 0.12284265200287336
1400000 5.277777777777778 0.12367645600170363
1450000 5.277777777777778 0.12331534799886867
1500000 5.277777777777778 0.12422125600278378
1550000 5.277777777777778 0.12403817299491493
1600000 5.277777777777778 0.12353512000117917
1650000 5.277777777777778 0.12371060800069245
1700000 5.277777777777778 0.12279344000126002
1750000 4.972222222222222 0.12324596699909307
1800000 5.0 0.12343425099970773
1850000 5.277777777777778 0.12322600100014824
1900000 5.111111111111111 0.12302824999642326
1950000 5.277777777777778 0.12300176999997348
2000000 5.277777777777778 0.12368883800081676
2050000 5.194444444444445 0.12133488300605677
2100000 5.277777777777778 0.12385956799698761
2150000 5.277777777777778 0.12321868399885716
2200000 5.277777777777778 0.12249477899604244
2250000 5.25 0.12516467399836984
2300000 5.277777777777778 0.12324857200292172
2350000 5.277777777777778 0.12401394700282253
2400000 5.277777777777778 0.12462969100306509
2450000 5.277777777777778 0.1229243139969185
2500000 5.027777777777778 0.12474182199366624
2550000 5.277777777777778 0.12274696100212168
2600000 5.25 0.12378997799532954
2650000 5.277777777777778 0.12424867899972014
2700000 5.277777777777778 0.12439165499381488
2750000 5.277777777777778 0.12382999200053746
2800000 5.083333333333333 0.12108509500103537
2850000 4.888888888888889 0.12299476699990919
2900000 5.277777777777778 0.12427815100090811
2950000 5.277777777777778 0.1238620619988069
3000000 5.277777777777778 0.12491663100081496
