50000 4.805555555555555 0.12416220699924452
100000 5.416666666666667 0.12334552399988752
150000 5.416666666666667 0.12300510500062956
200000 5.361111111111111 0.12374830999942787
250000 5.416666666666667 0.12382536499899288
300000 3.9722222222222223 0.12107852200097113
350000 4.972222222222222 0.12334124599874485
400000 5.444444444444445 0.12360931000148412
450000 4.861111111111111 0.12257047099956253
500000 5.361111111111111 0.12335218499902112
550000 5.444444444444445 0.12370435800039559
600000 5.472222222222222 0.1233774150005047
650000 5.361111111111111 0.12073000899908948
700000 5.527777777777778 0.12413132800065796
750000 5.305555555555555 0.12314876500022365
800000 5.527777777777778 0.12388232000012067
850000 5.527777777777778 0.12337059099991166
900000 5.361111111111111 0.12379061799947522
950000 5.555555555555555 0.12407442100084154
1000000 5.555555555555555 0.12387868400037405
1050000 5.555555555555555 0.12433036099901074
1100000 5.555555555555555 0.12371433499902196
1150000 5.555555555555555 0.1242404330005229
1200000 5.555555555555555 0.12429881100069906
1250000 5.555555555555555 0.12330484700032684
1300000 5.555555555555555 0.12368751499889186
1350000 5.555555555555555 0.12330430799920578
1400000 5.555555555555555 0.12418073100161564
1450000 5.555555555555555 0.12477981400115823
1500000 5.555555555555555 0.12349933199948282
1550000 5.555555555555555 0.12332308199984254
1600000 5.555555555555555 0.12349138899844547
1650000 5.333333333333333 0.12428354300027422
1700000 5.25 0.12335169499965559
1750000 5.444444444444445 0.12363437500061991
1800000 5.555555555555555 0.12459982700056571
1850000 5.583333333333333 0.12376464999942982
1900000 5.583333333333333 0.12355109000054654
1950000 5.583333333333333 0.12392645399995672
2000000 5.583333333333333 0.12419594899984077
2050000 5.583333333333333 0.12439395999899716
2100000 5.388888888888889 0.12363100800030224
2150000 5.444444444444445 0.12459569800012105
2200000 5.583333333333333 0.12367587399967306
2250000 5.555555555555555 0.12483863499983272
2300000 5.555555555555555 0.12453400300000794
2350000 5.555555555555555 0.12510013499922934
2400000 5.555555555555555 0.12431452100099705
2450000 5.555555555555555 0.12414987300144276
2500000 5.472222222222222 0.1243199820000882
2550000 5.555555555555555 0.12426960599987069
2600000 5.555555555555555 0.12353397699916968
2650000 5.555555555555555 0.12433217400030117
2700000 5.583333333333333 0.12389875199733069
2750000 5.555555555555555 0.12358536399915465
2800000 5.555555555555555 0.12395540600118693
2850000 5.555555555555555 0.12491178199707065
2900000 5.555555555555555 0.12338430700037861
2950000 5.555555555555555 0.12346458799947868
3000000 5.333333333333333 0.1236586820014054
