50000 4.666666666666667 0.12473378700087778
100000 5.416666666666667 0.12469553499977337
150000 5.416666666666667 0.12384090300110984
200000 5.138888888888889 0.12423032500009867
250000 5.388888888888889 0.12396879399966565
300000 5.416666666666667 0.12362555100116879
350000 5.416666666666667 0.12384999000278185
400000 5.333333333333333 0.12262291899969568
450000 5.388888888888889 0.12481237500105635
500000 5.444444444444445 0.12367706600343809
550000 5.444444444444445 0.1235329470000579
600000 5.444444444444445 0.12505509800030268
650000 5.333333333333333 0.12347954500000924
700000 5.472222222222222 0.1233040160004748
750000 5.444444444444445 0.12323832499896525
800000 5.444444444444445 0.1246520849999797
850000 5.444444444444445 0.12366694699812797
900000 5.444444444444445 0.12432788600199274
950000 5.444444444444445 0.12464479999835021
1000000 5.444444444444445 0.12375968999913312
1050000 5.388888888888889 0.12376143499932368
1100000 5.444444444444445 0.12398671600021771
1150000 5.472222222222222 0.12368740499732667
1200000 5.444444444444445 0.1240683590003755
1250000 5.277777777777778 0.12324052700205357
1300000 4.583333333333333 0.12295155600077123
1350000 5.138888888888889 0.12296010099817067
1400000 5.444444444444445 0.12434281399691827
1450000 5.444444444444445 0.12394908700298402
1500000 5.444444444444445 0.12427482699786196
1550000 5.444444444444445 0.12467407599979197
1600000 5.444444444444445 0.12387395499899867
1650000 5.444444444444445 0.1241998869991221
1700000 5.444444444444445 0.1236153900026693
1750000 5.472222222222222 0.12318408099963563
1800000 5.444444444444445 0.12490797300051781
1850000 5.333333333333333 0.1243648839990783
1900000 5.277777777777778 0.1238263459999871
1950000 5.444444444444445 0.12272637199930614
2000000 5.444444444444445 0.12394472799860523
2050000 4.583333333333333 0.12539651000042795
2100000 5.444444444444445 0.12390523299836786
2150000 5.444444444444445 0.12528738600667566
2200000 5.444444444444445 0.12363170899334364
2250000 5.444444444444445 0.12452451600256609
2300000 5.444444444444445 0.12382840899954317
2350000 5.444444444444445 0.12428968500171322
2400000 5.444444444444445 0.12430594699981157
2450000 5.111111111111111 0.12264018099813256
2500000 5.472222222222222 0.12458978799986653
2550000 5.361111111111111 0.12370649100193987
2600000 5.472222222222222 0.12290283399488544
2650000 4.583333333333333 0.12352182500035269
2700000 5.361111111111111 0.12349164600163931
2750000 5.0 0.12418233299831627
2800000 5.444444444444445 0.12413839099463075
2850000 5.444444444444445 0.1249159789949772
2900000 5.416666666666667 0.12429174800490728
2950000 5.444444444444445 0.12301907200162532
3000000 5.361111111111111 0.12246215799677884
