50000 4.416666666666667 0.12440589300058491
100000 5.305555555555555 0.12381216900030267
150000 5.305555555555555 0.12373844000012468
200000 5.333333333333333 0.12403806200018153
250000 5.333333333333333 0.12420672899952478
300000 5.305555555555555 0.12358615700031805
350000 5.416666666666667 0.12357757900008437
400000 5.472222222222222 0.12298111000018253
450000 5.444444444444445 0.1232756529998369
500000 5.5 0.12290266400032124
550000 5.416666666666667 0.12158452000039688
600000 5.5 0.1231859239996993
650000 5.472222222222222 0.12388868200014258
700000 5.416666666666667 0.12319373999980598
750000 5.472222222222222 0.12348106799981906
800000 5.527777777777778 0.12332232000062504
850000 5.472222222222222 0.12326515299992025
900000 5.527777777777778 0.12332545699973707
950000 5.527777777777778 0.12296523099939805
1000000 5.527777777777778 0.12325257900010911
1050000 5.527777777777778 0.12324954399991839
1100000 5.527777777777778 0.12261884100007592
1150000 5.444444444444445 0.12366342000041186
1200000 5.527777777777778 0.12331279199952405
1250000 5.527777777777778 0.12402190400007385
1300000 5.25 0.12321718499970302
1350000 5.527777777777778 0.12367750499834074
1400000 5.527777777777778 0.12340004500038049
1450000 5.527777777777778 0.12338546000137285
1500000 5.444444444444445 0.12321890699968208
1550000 5.361111111111111 0.12397905200123205
1600000 5.416666666666667 0.12279652500001248
1650000 5.25 0.12312297700009367
1700000 5.527777777777778 0.12335910900037561
1750000 5.527777777777778 0.12299609999899985
1800000 5.527777777777778 0.12328333799996471
1850000 5.555555555555555 0.12336913900071522
1900000 5.555555555555555 0.12351246800062654
1950000 5.555555555555555 0.1230230590008432
2000000 5.555555555555555 0.1229262180004298
2050000 5.333333333333333 0.12393397799860395
2100000 5.444444444444445 0.12292992499897082
2150000 5.555555555555555 0.12361272499947518
2200000 5.444444444444445 0.12282923600105278
2250000 5.555555555555555 0.12274276399875816
2300000 5.5 0.12300559600043925
2350000 5.555555555555555 0.122883998999896
2400000 5.555555555555555 0.12353679300031217
2450000 5.555555555555555 0.12316689900035271
2500000 5.555555555555555 0.12350351999884879
2550000 5.583333333333333 0.12277847999939695
2600000 5.555555555555555 0.1237241239996365
2650000 5.555555555555555 0.12442982599895913
2700000 5.555555555555555 0.12277205799910007
2750000 5.361111111111111 0.12389914199957275
2800000 5.555555555555555 0.12316701000054309
2850000 5.527777777777778 0.12357560599957651
2900000 5.555555555555555 0.12370364700109349
2950000 5.444444444444445 0.12393901600080426
3000000 5.555555555555555 0.12397801899896876
