50000 4.916666666666667 0.12500384300074074
100000 5.277777777777778 0.12416347899852553
150000 4.916666666666667 0.12354140100069344
200000 5.305555555555555 0.1243600570014678
250000 5.277777777777778 0.12438951199874282
300000 5.472222222222222 0.12475668000115547
350000 5.472222222222222 0.1239266039992799
400000 5.472222222222222 0.12336832599976333
450000 5.472222222222222 0.12557046599977184
500000 5.472222222222222 0.12472290699952282
550000 5.472222222222222 0.12537459000304807
600000 5.388888888888889 0.12587275399710052
650000 5.472222222222222 0.12427348399796756
700000 5.055555555555555 0.1251309119979851
750000 5.472222222222222 0.1246178509973106
800000 5.472222222222222 0.12504208699829178
850000 5.472222222222222 0.1238430680023157
900000 5.472222222222222 0.12445473499974469
950000 5.472222222222222 0.12390576399775455
1000000 5.472222222222222 0.1247786809981335
1050000 5.472222222222222 0.12480929899902549
1100000 5.472222222222222 0.12436033700214466
1150000 5.472222222222222 0.12537354799860623
1200000 5.472222222222222 0.12468997500400292
1250000 5.472222222222222 0.12507709100464126
1300000 5.472222222222222 0.12495430099806981
1350000 5.472222222222222 0.12410740299674217
1400000 5.416666666666667 0.12455701499857241
1450000 5.472222222222222 0.12453359200299019
1500000 5.5 0.1243645650029066
1550000 5.5 0.1257328809952014
1600000 5.5 0.12445433299581055
1650000 5.5 0.12518548499792814
1700000 5.5 0.12399230699520558
1750000 5.5 0.12561907799681649
1800000 5.5 0.1248966719940654
1850000 5.5 0.12469761000102153
1900000 5.305555555555555 0.1250542579946341
1950000 5.5 0.12420724999537924
2000000 5.5 0.12520387799304444
2050000 5.5 0.1259156830055872
2100000 5.5 0.12450419600645546
2150000 5.5 0.12535672599915415
2200000 5.5 0.12433795499964617
2250000 5.5 0.12532442500378238
2300000 5.5 0.12468724000063958
2350000 5.5 0.12503607400140027
2400000 5.5 0.12495027299883077
2450000 5.5 0.1248139480012469
2500000 5.5 0.12491589799901703
2550000 5.5 0.12480739500460913
2600000 5.5 0.12549127799866255
2650000 5.305555555555555 0.12494326899468433
2700000 5.111111111111111 0.12514839399955235
2750000 5.5 0.12504976000491297
2800000 5.527777777777778 0.12471365899546072
2850000 5.527777777777778 0.12518689499847824
2900000 5.25 0.12350295000214828
2950000 5.527777777777778 0.12486859899945557
3000000 5.527777777777778 0.12455943100212608
