50000 0.1388888888888889 0.05524628599960124
100000 1.1388888888888888 0.09868603900395101
150000 1.0 0.09645350299979327
200000 0.9444444444444444 0.09903113699692767
250000 1.3055555555555556 0.09998725000332342
300000 1.9444444444444444 0.10258811600215267
350000 2.3333333333333335 0.10286585800349712
400000 2.7222222222222223 0.10254145000362769
450000 3.1666666666666665 0.10323235700343503
500000 3.75 0.10274374900473049
550000 3.638888888888889 0.10284472799685318
600000 3.888888888888889 0.10264810999797191
650000 3.611111111111111 0.10241360999498283
700000 4.166666666666667 0.10295293099625269
750000 3.888888888888889 0.10235397800715873
800000 4.138888888888889 0.10300998800084926
850000 4.25 0.10288691699679475
900000 4.194444444444445 0.10335334199771751
950000 4.166666666666667 0.10314900799858151
1000000 4.083333333333333 0.10342320199561073
1050000 4.111111111111111 0.10299860599479871
1100000 4.138888888888889 0.10261986600380624
1150000 4.305555555555555 0.10344557499774965
1200000 4.277777777777778 0.10283600100228796
1250000 4.166666666666667 0.10316277500533033
1300000 4.305555555555555 0.1031767120002769
1350000 4.305555555555555 0.10308645199984312
1400000 4.333333333333333 0.10288248899450991
1450000 4.333333333333333 0.10285089100216283
1500000 4.305555555555555 0.10320864100503968
1550000 4.333333333333333 0.10269843300193315
1600000 4.361111111111111 0.1025755729933735
1650000 4.416666666666667 0.10298337900167098
1700000 4.388888888888889 0.10254922400054056
1750000 4.388888888888889 0.10277945599955274
1800000 4.388888888888889 0.10304750900104409
1850000 4.416666666666667 0.10322621300292667
1900000 4.333333333333333 0.10308940699906088
1950000 4.361111111111111 0.10306990100070834
2000000 4.5 0.10265168500336586
2050000 4.5 0.10247308100224473
2100000 4.527777777777778 0.10309230299753835
2150000 4.527777777777778 0.10283131200412754
2200000 4.388888888888889 0.1027326469993568
2250000 4.444444444444445 0.10273352899821475
2300000 4.388888888888889 0.10324780299561098
2350000 4.333333333333333 0.10317942700203275
2400000 4.444444444444445 0.1030807810020633
2450000 4.444444444444445 0.10319954399892595
2500000 4.583333333333333 0.10288341099658282
2550000 4.527777777777778 0.1029819250034052
2600000 4.527777777777778 0.10258250599872554
2650000 4.416666666666667 0.10318939499848057
2700000 4.555555555555555 0.10273784799937857
2750000 4.555555555555555 0.10269904499728
2800000 4.666666666666667 0.10285436700360151
2850000 4.472222222222222 0.10249523400125327
2900000 4.5 0.10248561500338838
2950000 4.527777777777778 0.10288220799702685
3000000 4.638888888888889 0.10284026099543553
