50000 0.1388888888888889 0.06547597900043911
100000 1.6111111111111112 0.09691219300020748
150000 1.5277777777777777 0.09956063000026916
200000 0.6111111111111112 0.09919510599956993
250000 1.3055555555555556 0.09926173799976823
300000 2.0833333333333335 0.10185308900054224
350000 2.7777777777777777 0.10150958400117815
400000 3.111111111111111 0.10153456199986977
450000 3.1944444444444446 0.10201278800013824
500000 3.638888888888889 0.10262810300082492
550000 3.8333333333333335 0.10253490799914289
600000 3.8333333333333335 0.10266477199911606
650000 3.888888888888889 0.10378718699939782
700000 3.9444444444444446 0.10357590000057826
750000 4.111111111111111 0.10266516099909495
800000 4.166666666666667 0.10302533699905325
850000 4.166666666666667 0.10323886599871912
900000 4.027777777777778 0.10303343299892731
950000 4.305555555555555 0.10308173299927148
1000000 4.388888888888889 0.102674019000915
1050000 4.388888888888889 0.10276297499876819
1100000 4.444444444444445 0.10283100300148362
1150000 4.5 0.10305474099914136
1200000 4.444444444444445 0.1029497839990654
1250000 4.5 0.10296890100107703
1300000 4.527777777777778 0.10301807399991958
1350000 4.527777777777778 0.1029158510009438
1400000 4.555555555555555 0.10294999500001722
1450000 4.416666666666667 0.10249653599930753
1500000 4.555555555555555 0.10308414600149263
1550000 4.555555555555555 0.10317450700131303
1600000 4.583333333333333 0.10248038399913639
1650000 4.583333333333333 0.10252107099950081
1700000 4.583333333333333 0.10283260400137806
1750000 4.583333333333333 0.10310718999971868
1800000 4.583333333333333 0.10246606799955771
1850000 4.611111111111111 0.10302949499964598
1900000 4.611111111111111 0.10278637899864407
1950000 4.638888888888889 0.10295972499989148
2000000 4.638888888888889 0.10248261000015191
2050000 4.666666666666667 0.1025458880012593
2100000 4.555555555555555 0.10255797900026664
2150000 4.666666666666667 0.10265208800046821
2200000 4.583333333333333 0.10299209400000109
2250000 4.694444444444445 0.10306907999984105
2300000 4.75 0.1026526189998549
2350000 4.777777777777778 0.1029657760009286
2400000 4.638888888888889 0.10303665799983719
2450000 4.861111111111111 0.1029595039999549
2500000 4.833333333333333 0.10332827400088718
2550000 4.75 0.1028340480006591
2600000 4.805555555555555 0.10290373799944064
2650000 4.75 0.10262033900107781
2700000 4.777777777777778 0.1025072350003029
2750000 4.861111111111111 0.10282667399951606
2800000 4.722222222222222 0.10258347799936018
2850000 4.833333333333333 0.1029902320005931
2900000 4.638888888888889 0.10292142199978116
2950000 4.777777777777778 0.10291618200062658
3000000 4.861111111111111 0.10306816800039087
