50000 4.833333333333333 0.12410000900126761
100000 5.305555555555555 0.12382560400146758
150000 3.638888888888889 0.12240262600244023
200000 5.305555555555555 0.12459765200037509
250000 5.305555555555555 0.12312662399926921
300000 5.222222222222222 0.12370616100088228
350000 5.305555555555555 0.12418582999816863
400000 5.305555555555555 0.12256549100129632
450000 5.305555555555555 0.12412772099924041
500000 5.305555555555555 0.12342628499754937
550000 4.722222222222222 0.12369523900269996
600000 5.25 0.12451490700186696
650000 4.833333333333333 0.12252955300209578
700000 5.277777777777778 0.12393001000600634
750000 5.305555555555555 0.12305130199820269
800000 5.305555555555555 0.12346412499755388
850000 5.083333333333333 0.12254852899786783
900000 5.305555555555555 0.12414621600328246
950000 5.333333333333333 0.12482203300169203
1000000 5.333333333333333 0.12398830000165617
1050000 5.361111111111111 0.1237721630022861
1100000 5.194444444444445 0.12299804200301878
1150000 5.361111111111111 0.12439537300087977
1200000 5.361111111111111 0.1245800499964389
1250000 5.5 0.12378215399803594
1300000 5.5 0.12393869600055041
1350000 5.055555555555555 0.12244399300107034
1400000 5.416666666666667 0.12403359499876387
1450000 5.416666666666667 0.1234187509980984
1500000 5.5 0.12479178600187879
1550000 5.5 0.12445285099965986
1600000 5.5 0.12410456799989333
1650000 5.5 0.12531202099489747
1700000 5.361111111111111 0.12363430500408867
1750000 5.5 0.12397436399623984
1800000 5.5 0.12498659199627582
1850000 5.5 0.12440954899648204
1900000 5.5 0.12408050199883291
1950000 5.333333333333333 0.1232495740041486
2000000 5.5 0.12469378199602943
2050000 5.5 0.12438817999645835
2100000 5.5 0.12447421099932399
2150000 5.444444444444445 0.1237507240002742
2200000 5.5 0.12337483900046209
2250000 5.5 0.12340169800154399
2300000 5.5 0.12439309900219087
2350000 5.5 0.125096558003861
2400000 5.5 0.12489250500220805
2450000 5.5 0.12464250599441584
2500000 5.5 0.1255613989997073
2550000 5.083333333333333 0.12398332000157097
2600000 5.5 0.12353329699544702
2650000 5.5 0.1242910170039977
2700000 5.5 0.12367946199810831
2750000 5.5 0.1236606149977888
2800000 5.388888888888889 0.12349621699831914
2850000 5.5 0.12579436500527663
2900000 5.5 0.12425145399902249
2950000 5.472222222222222 0.12446312900283374
3000000 5.5 0.1243345179973403
