50000 5.055555555555555 0.12417396799719427
100000 5.388888888888889 0.12344041100004688
150000 5.25 0.12402145200030645
200000 5.305555555555555 0.12408283700642642
250000 5.111111111111111 0.12363519700011238
300000 5.388888888888889 0.12433748500188813
350000 5.194444444444445 0.12452429500262951
400000 5.388888888888889 0.1232225429994287
450000 5.416666666666667 0.1251616700028535
500000 5.416666666666667 0.12409849400137318
550000 5.416666666666667 0.12469900299765868
600000 5.472222222222222 0.12395233200368239
650000 5.472222222222222 0.12435424599971157
700000 5.472222222222222 0.12364438499935204
750000 5.5 0.12393809600325767
800000 5.5 0.12495251699874643
850000 5.472222222222222 0.1250326480003423
900000 5.361111111111111 0.12425831599830417
950000 5.5 0.12439333899965277
1000000 5.5 0.12384986999677494
1050000 4.416666666666667 0.12554288300452754
1100000 5.5 0.12379333499848144
1150000 5.5 0.12460904399631545
1200000 5.5 0.12354107999999542
1250000 5.5 0.12454669600265333
1300000 5.5 0.12428684000042267
1350000 5.5 0.12387743199360557
1400000 5.5 0.12412213999778032
1450000 5.416666666666667 0.12436538700421806
1500000 5.472222222222222 0.12315663000481436
1550000 5.5 0.12557167900376953
1600000 5.5 0.12456958900293102
1650000 5.472222222222222 0.1234964549948927
1700000 5.305555555555555 0.12322495800617617
1750000 5.5 0.12393088100361638
1800000 5.5 0.12378369500220288
1850000 5.444444444444445 0.12417371600167826
1900000 5.5 0.1247198710043449
1950000 5.388888888888889 0.12367209599324269
2000000 5.305555555555555 0.12412504700478166
2050000 5.5 0.12357006399543025
2100000 5.5 0.12304371800564695
2150000 5.5 0.12429587700171396
2200000 5.5 0.12372702100401511
2250000 5.5 0.12356659799843328
2300000 5.305555555555555 0.12341787899640622
2350000 5.5 0.1245703919994412
2400000 5.305555555555555 0.1228529290019651
2450000 5.527777777777778 0.12363982699753251
2500000 5.527777777777778 0.12388016600016272
2550000 5.527777777777778 0.12373921100515872
2600000 5.527777777777778 0.1239171859997441
2650000 5.527777777777778 0.12485292099881917
2700000 5.527777777777778 0.1244434629988973
2750000 5.527777777777778 0.12436027600051602
2800000 5.527777777777778 0.12452223200671142
2850000 5.527777777777778 0.12488561299687717
2900000 5.527777777777778 0.12438432099588681
2950000 5.527777777777778 0.12484021699492587
3000000 5.527777777777778 0.12447579400031827
