50000 0.1111111111111111 0.0547816039997997
100000 1.1666666666666667 0.09572795299982317
150000 1.0277777777777777 0.0984651449998637
200000 0.8333333333333334 0.10062409399961325
250000 1.2222222222222223 0.09884691200022644
300000 1.7222222222222223 0.10289391100013745
350000 2.111111111111111 0.10218899900064571
400000 2.6666666666666665 0.10265250700012984
450000 2.8055555555555554 0.10275522899974021
500000 3.3055555555555554 0.10258699400037585
550000 3.4722222222222223 0.10247447400070087
600000 3.6944444444444446 0.10247870199964382
650000 3.888888888888889 0.10269602999960625
700000 3.861111111111111 0.10244528800012631
750000 3.888888888888889 0.10280199799944967
800000 3.8333333333333335 0.10222690899990994
850000 3.9722222222222223 0.10268894500040915
900000 4.166666666666667 0.1027874219998921
950000 4.277777777777778 0.10290400999929261
1000000 4.0 0.10288818800017907
1050000 4.083333333333333 0.10297588299999916
1100000 4.361111111111111 0.10272048499973607
1150000 4.416666666666667 0.10292701199978183
1200000 4.361111111111111 0.10276653100027033
1250000 4.277777777777778 0.10290945999986434
1300000 4.333333333333333 0.10298703599983128
1350000 4.388888888888889 0.10264734799966391
1400000 4.444444444444445 0.1031191519996355
1450000 4.388888888888889 0.1030188349996024
1500000 4.388888888888889 0.10261271200033661
1550000 4.444444444444445 0.1029711370001678
1600000 4.444444444444445 0.10299829699943075
1650000 4.472222222222222 0.10263107599985233
1700000 4.444444444444445 0.10291178399984346
1750000 4.5 0.10317438499987475
1800000 4.277777777777778 0.1028511790000266
1850000 4.305555555555555 0.10281919000044581
1900000 4.5 0.10271096700034832
1950000 4.416666666666667 0.10298840799987374
2000000 4.583333333333333 0.10265151600015088
2050000 4.472222222222222 0.10301851500025805
2100000 4.666666666666667 0.10269854600028339
2150000 4.444444444444445 0.10254321299998992
2200000 4.666666666666667 0.10275529000045935
2250000 4.666666666666667 0.10327091700037272
2300000 4.694444444444445 0.10275522999927489
2350000 4.472222222222222 0.10317082999972627
2400000 4.555555555555555 0.10329065499990975
2450000 4.694444444444445 0.10282554300010815
2500000 4.611111111111111 0.10264154800006509
2550000 4.583333333333333 0.10300036999979056
2600000 4.694444444444445 0.10283218299991859
2650000 4.472222222222222 0.10286747999998624
2700000 4.555555555555555 0.1031062390002262
2750000 4.666666666666667 0.10279083700061165
2800000 4.666666666666667 0.10321242699956201
2850000 4.694444444444445 0.10297538299982989
2900000 4.666666666666667 0.10283235599945328
2950000 4.666666666666667 0.1033523599999171
3000000 4.555555555555555 0.10305792899998778
