50000 0.1388888888888889 0.1366168010000024
100000 1.4722222222222223 0.09548667900000396
150000 1.1388888888888888 0.10023706800001264
200000 0.8333333333333334 0.09607908000000975
250000 1.2777777777777777 0.1007723120000037
300000 2.3333333333333335 0.10298038399997722
350000 2.638888888888889 0.10174305300000697
400000 3.0833333333333335 0.10241609400003426
450000 3.361111111111111 0.1024000250000654
500000 3.7222222222222223 0.10280084500004705
550000 3.75 0.10271051500001249
600000 3.8055555555555554 0.10276253299991822
650000 4.027777777777778 0.10296569499996622
700000 4.222222222222222 0.10274849699999322
750000 4.25 0.10270158000002994
800000 4.222222222222222 0.10290427999996155
850000 4.166666666666667 0.10274104399991302
900000 4.25 0.10266434000004665
950000 4.333333333333333 0.10273267799993846
1000000 4.305555555555555 0.10282730500011894
1050000 4.333333333333333 0.1029450859998633
1100000 4.305555555555555 0.10297747699996762
1150000 4.333333333333333 0.10260240499997053
1200000 4.333333333333333 0.10284269400017365
1250000 4.333333333333333 0.10281801899986931
1300000 4.305555555555555 0.10269234299994423
1350000 4.361111111111111 0.10264400300002308
1400000 4.416666666666667 0.10293141099987224
1450000 4.277777777777778 0.10281011400002171
1500000 4.361111111111111 0.10286871200014502
1550000 4.5 0.10309401599988632
1600000 4.416666666666667 0.10296597600017776
1650000 4.472222222222222 0.1028613100002076
1700000 4.277777777777778 0.10230862400021579
1750000 4.305555555555555 0.10271030699959738
1800000 4.388888888888889 0.1024539050004023
1850000 4.555555555555555 0.10262333299988313
1900000 4.444444444444445 0.10277818299982755
1950000 4.583333333333333 0.1026005809999333
2000000 4.777777777777778 0.10258786600024905
2050000 4.75 0.10301184200034186
2100000 4.638888888888889 0.10266574299976128
2150000 4.805555555555555 0.10287049699991258
2200000 4.833333333333333 0.10280193700009477
2250000 4.722222222222222 0.10277401499979533
2300000 4.805555555555555 0.1028194909999911
2350000 4.833333333333333 0.10268821599993316
2400000 4.722222222222222 0.10287111700017704
2450000 4.833333333333333 0.1028194599998642
2500000 4.638888888888889 0.10269008799969015
2550000 4.5 0.10270871300008366
2600000 4.722222222222222 0.1026106389999768
2650000 4.861111111111111 0.10255875200027731
2700000 4.777777777777778 0.1031725840002764
2750000 4.777777777777778 0.10276633000012225
2800000 4.888888888888889 0.10264909199986505
2850000 4.805555555555555 0.10282159500002308
2900000 4.972222222222222 0.10289702600039163
2950000 4.861111111111111 0.10265074400012963
3000000 4.861111111111111 0.10266525199995158
