50000 0.25 0.06053583399989293
100000 1.3055555555555556 0.0988427939992107
150000 1.4166666666666667 0.09757163900030719
200000 0.75 0.10000929099987843
250000 1.75 0.10139639100088971
300000 2.611111111111111 0.10212234300161072
350000 3.138888888888889 0.1020938820001902
400000 3.1666666666666665 0.1029410690007353
450000 3.111111111111111 0.10272498400081531
500000 3.4722222222222223 0.10322427899882314
550000 3.6666666666666665 0.10366880400033551
600000 3.6944444444444446 0.10275766500126338
650000 3.7222222222222223 0.10306331800165935
700000 3.8055555555555554 0.10336800000004587
750000 3.6666666666666665 0.10219833600058337
800000 3.9444444444444446 0.10303876199759543
850000 4.055555555555555 0.10305278799933149
900000 4.083333333333333 0.10298390000025393
950000 4.111111111111111 0.10271455299880472
1000000 4.0 0.10315223399811657
1050000 3.9444444444444446 0.10267643199767917
1100000 4.111111111111111 0.10236786500172457
1150000 4.138888888888889 0.10366032700039796
1200000 4.083333333333333 0.10332919599750312
1250000 4.111111111111111 0.10263036700052908
1300000 4.166666666666667 0.10227621200101567
1350000 4.222222222222222 0.10276754400183563
1400000 4.222222222222222 0.10327594699992915
1450000 4.111111111111111 0.10409656499905395
1500000 4.166666666666667 0.10322164600074757
1550000 4.222222222222222 0.10306323899931158
1600000 4.111111111111111 0.10316174200124806
1650000 4.055555555555555 0.10305070500180591
1700000 4.111111111111111 0.1027718109980924
1750000 4.138888888888889 0.10270618799768272
1800000 4.166666666666667 0.10280455300016911
1850000 4.222222222222222 0.10259001099984744
1900000 4.277777777777778 0.10294150900153909
1950000 4.527777777777778 0.10340345599979628
2000000 4.5 0.10321988299983786
2050000 4.416666666666667 0.10407274099998176
2100000 4.361111111111111 0.10379153399844654
2150000 4.416666666666667 0.10354554199875565
2200000 4.555555555555555 0.10413731100197765
2250000 4.5 0.10275825600183452
2300000 4.555555555555555 0.10274273599861772
2350000 4.638888888888889 0.10287237099691993
2400000 4.5 0.10329156599982525
2450000 4.416666666666667 0.1031427870002517
2500000 4.555555555555555 0.10436252499857801
2550000 4.694444444444445 0.10322223600087455
2600000 4.444444444444445 0.10363164400041569
2650000 4.583333333333333 0.10302587799742469
2700000 4.722222222222222 0.10258219599927543
2750000 4.777777777777778 0.10314446100164787
2800000 4.638888888888889 0.10292340600062744
2850000 4.694444444444445 0.10341811299804249
2900000 4.777777777777778 0.10293077000096673
2950000 4.555555555555555 0.10292790600215085
3000000 4.805555555555555 0.1031182600017928
