50000 4.972222222222222 0.12488171500444878
100000 5.25 0.12427300300623756
150000 5.333333333333333 0.12398667600064073
200000 5.333333333333333 0.12407968000479741
250000 5.277777777777778 0.1238108459947398
300000 5.194444444444445 0.12539544900209876
350000 5.388888888888889 0.1255435069979285
400000 5.472222222222222 0.12362496699643089
450000 4.888888888888889 0.12497777400130872
500000 3.7222222222222223 0.12332353399688145
550000 5.555555555555555 0.12438172700058203
600000 5.555555555555555 0.12386310200236039
650000 5.555555555555555 0.12376231500093127
700000 5.555555555555555 0.1244432230014354
750000 5.555555555555555 0.12303508300101385
800000 4.527777777777778 0.12318858000071486
850000 5.527777777777778 0.12314420600159792
900000 5.527777777777778 0.123500754001725
950000 5.555555555555555 0.12357712799712317
1000000 5.416666666666667 0.12402133199793752
1050000 5.555555555555555 0.12482186400302453
1100000 5.555555555555555 0.12441291599679971
1150000 5.527777777777778 0.12424089499836555
1200000 5.194444444444445 0.12507690199709032
1250000 5.555555555555555 0.12481600099999923
1300000 5.527777777777778 0.12484325200784951
1350000 5.555555555555555 0.12455982199753635
1400000 5.555555555555555 0.12419142200087663
1450000 5.555555555555555 0.124446097004693
1500000 5.5 0.1250379880075343
1550000 5.555555555555555 0.12496046400337946
1600000 5.555555555555555 0.12417309700686019
1650000 5.555555555555555 0.12418776299455203
1700000 5.555555555555555 0.12388641700090375
1750000 5.555555555555555 0.1240754129976267
1800000 5.555555555555555 0.1247143319924362
1850000 5.194444444444445 0.12466756200592499
1900000 5.444444444444445 0.12188269100442994
1950000 5.472222222222222 0.1238193820026936
2000000 5.527777777777778 0.12520142400171608
2050000 5.527777777777778 0.12446887099940795
2100000 5.527777777777778 0.12379576900275424
2150000 5.527777777777778 0.12378978800552431
2200000 5.527777777777778 0.12348008599656168
2250000 5.527777777777778 0.1244790600030683
2300000 5.361111111111111 0.12380430501070805
2350000 5.527777777777778 0.12419096000667196
2400000 5.277777777777778 0.12426486899494193
2450000 5.527777777777778 0.12445295198995154
2500000 5.527777777777778 0.12381730899505783
2550000 5.527777777777778 0.12371789199823979
2600000 5.527777777777778 0.1240615160058951
2650000 5.527777777777778 0.12424348900094628
2700000 5.527777777777778 0.12484849299653433
2750000 5.444444444444445 0.12449010099226143
2800000 5.527777777777778 0.12410734199511353
2850000 5.527777777777778 0.12507920499774627
2900000 5.527777777777778 0.12396650000300724
2950000 5.527777777777778 0.12469333200715482
3000000 5.527777777777778 0.12480658298591152
