50000 0.1388888888888889 0.055733818999215146
100000 1.2777777777777777 0.09602839499893889
150000 1.1944444444444444 0.10016363999966416
200000 0.8611111111111112 0.09859724199850461
250000 1.25 0.10161707699990075
300000 2.9722222222222223 0.10049239699947066
350000 3.611111111111111 0.10278965500037884
400000 3.9722222222222223 0.10267956899951969
450000 3.861111111111111 0.10256092500094383
500000 4.166666666666667 0.10258752600020671
550000 4.083333333333333 0.10244534000048588
600000 4.222222222222222 0.10269796300053713
650000 4.333333333333333 0.10299825699985377
700000 4.333333333333333 0.10279016599997703
750000 3.8333333333333335 0.10254054799952428
800000 4.166666666666667 0.10292550000121992
850000 4.444444444444445 0.10263850099909178
900000 4.472222222222222 0.10269025699926715
950000 4.388888888888889 0.10280193800099369
1000000 4.5 0.10274933900109318
1050000 4.416666666666667 0.1028317030013568
1100000 4.472222222222222 0.10261170199919434
1150000 4.472222222222222 0.10246873200048867
1200000 4.361111111111111 0.10276968700054567
1250000 4.472222222222222 0.10221309199914685
1300000 4.444444444444445 0.10258304700073495
1350000 4.527777777777778 0.10284498900000472
1400000 4.527777777777778 0.10261527799957548
1450000 4.444444444444445 0.10239482399992994
1500000 4.527777777777778 0.10254154999893217
1550000 4.611111111111111 0.10262062800029526
1600000 4.361111111111111 0.10264193699913449
1650000 4.5 0.10290438999982143
1700000 4.444444444444445 0.10266924899951846
1750000 4.583333333333333 0.10271719899901655
1800000 4.583333333333333 0.1028247909998754
1850000 4.638888888888889 0.10308547999920847
1900000 4.555555555555555 0.10287327299920435
1950000 4.638888888888889 0.10296586599906732
2000000 4.722222222222222 0.10301232299934782
2050000 4.583333333333333 0.10293558699959249
2100000 4.75 0.10278929299965966
2150000 4.694444444444445 0.10302423400025873
2200000 4.972222222222222 0.1028888509990793
2250000 4.722222222222222 0.10284499800036428
2300000 4.944444444444445 0.10305443200013542
2350000 4.833333333333333 0.10304615699897113
2400000 4.944444444444445 0.10289254799863556
2450000 4.611111111111111 0.10299420999945141
2500000 4.861111111111111 0.10311862100024882
2550000 4.944444444444445 0.10265583299951686
2600000 4.583333333333333 0.1027584969997406
2650000 4.944444444444445 0.10331595099887636
2700000 4.583333333333333 0.10328303000096639
2750000 4.611111111111111 0.1031134730001213
2800000 4.75 0.10315913800150156
2850000 4.861111111111111 0.10329796800033364
2900000 4.666666666666667 0.10350015700169024
2950000 4.75 0.10297380100018927
3000000 4.944444444444445 0.10334859300019161
