50000 0.2222222222222222 0.06036921300255926
100000 1.1666666666666667 0.09497126399946865
150000 1.0277777777777777 0.09788991599998553
200000 0.9166666666666666 0.10084425699824351
250000 1.6944444444444444 0.10226337899803184
300000 2.7777777777777777 0.10234187500100234
350000 3.5 0.10306672400110983
400000 3.2777777777777777 0.10275008199823787
450000 3.5833333333333335 0.10279071700279019
500000 3.861111111111111 0.10282944900245639
550000 4.222222222222222 0.10316400800002157
600000 4.5 0.10313534300075844
650000 4.472222222222222 0.10323144300127751
700000 4.444444444444445 0.10209314899839228
750000 4.388888888888889 0.10289748599825543
800000 4.527777777777778 0.10286157999871648
850000 4.5 0.10289890100102639
900000 4.527777777777778 0.10267391899833456
950000 4.5 0.10339338699850487
1000000 4.5 0.10322529199765995
1050000 4.527777777777778 0.10363968799720169
1100000 4.527777777777778 0.10309563799819443
1150000 4.555555555555555 0.10309129999950528
1200000 4.611111111111111 0.10234836699964944
1250000 4.611111111111111 0.10270884399869828
1300000 4.583333333333333 0.10255992400198011
1350000 4.555555555555555 0.10261863399864524
1400000 4.694444444444445 0.1026804600005562
1450000 4.666666666666667 0.10326240200083703
1500000 4.722222222222222 0.10263827100061462
1550000 4.666666666666667 0.10251067200078978
1600000 4.638888888888889 0.10246749100042507
1650000 4.75 0.10285479700178257
1700000 4.694444444444445 0.10312506400077837
1750000 4.75 0.10294215199974133
1800000 4.777777777777778 0.10270730000047479
1850000 4.75 0.1033655449973594
1900000 4.75 0.10242598399781855
1950000 4.777777777777778 0.10260444699815707
2000000 4.75 0.10292537799978163
2050000 4.722222222222222 0.10296550400016713
2100000 4.777777777777778 0.10307586199996877
2150000 4.75 0.10274678399946424
2200000 4.805555555555555 0.1029836380002962
2250000 4.805555555555555 0.10318059799828916
2300000 4.75 0.10303404299702379
2350000 4.75 0.1031126910020248
2400000 4.75 0.10292236400346155
2450000 4.722222222222222 0.103003306001483
2500000 4.833333333333333 0.10259778600084246
2550000 4.833333333333333 0.10299369700078387
2600000 4.777777777777778 0.10267234600178199
2650000 4.805555555555555 0.10326619899933576
2700000 4.722222222222222 0.10297312900001998
2750000 4.722222222222222 0.10310062900316552
2800000 4.777777777777778 0.10295787100039888
2850000 4.75 0.10294945499845198
2900000 4.777777777777778 0.10345218699876568
2950000 4.805555555555555 0.1027746660001867
3000000 4.777777777777778 0.10299696400034009
