50000 0.16666666666666666 0.057797099001618335
100000 1.25 0.09607063499788637
150000 1.4166666666666667 0.10062223999921116
200000 0.6111111111111112 0.09778111100240494
250000 1.5 0.10090849699918181
300000 3.2777777777777777 0.10194113399847993
350000 3.611111111111111 0.10171611099940492
400000 3.638888888888889 0.10092521000115084
450000 4.166666666666667 0.1028617599986319
500000 4.138888888888889 0.10181934499996714
550000 4.166666666666667 0.10287948300174321
600000 4.361111111111111 0.10256991300047957
650000 4.444444444444445 0.10113735599952633
700000 4.5 0.1027523349985131
750000 4.333333333333333 0.10342416500134277
800000 4.5 0.10267780399954063
850000 4.611111111111111 0.10247116800019285
900000 4.666666666666667 0.10304123800233356
950000 4.666666666666667 0.10349628200128791
1000000 4.555555555555555 0.10261213199919439
1050000 4.666666666666667 0.10295205999864265
1100000 4.888888888888889 0.10325739200197859
1150000 4.805555555555555 0.1024929279992648
1200000 4.888888888888889 0.1028647759994783
1250000 4.861111111111111 0.1027570949991059
1300000 4.888888888888889 0.10241174600014347
1350000 4.916666666666667 0.10261525899841217
1400000 4.944444444444445 0.10291166399838403
1450000 4.944444444444445 0.10295083799792337
1500000 4.916666666666667 0.1033311600003799
1550000 4.944444444444445 0.10281778799981112
1600000 4.944444444444445 0.10279285000069649
1650000 4.944444444444445 0.10254510599770583
1700000 4.944444444444445 0.10259165300158202
1750000 4.944444444444445 0.10266992999822833
1800000 4.833333333333333 0.10279008600264206
1850000 4.972222222222222 0.10287496399905649
1900000 4.972222222222222 0.10297476100095082
1950000 4.972222222222222 0.10258167500069248
2000000 4.972222222222222 0.10292022000066936
2050000 4.916666666666667 0.10288582599969232
2100000 4.805555555555555 0.10284625100030098
2150000 4.833333333333333 0.10258370000155992
2200000 4.833333333333333 0.10306196500096121
2250000 4.833333333333333 0.102948142997775
2300000 4.944444444444445 0.10266644399962388
2350000 4.833333333333333 0.10282070399989607
2400000 4.944444444444445 0.1027369670009648
2450000 4.944444444444445 0.10277996599688777
2500000 4.833333333333333 0.10296441299942671
2550000 4.944444444444445 0.10268596099922433
2600000 4.944444444444445 0.10261471600097138
2650000 4.944444444444445 0.10314698400179623
2700000 4.777777777777778 0.10289651499988395
2750000 4.861111111111111 0.10266957999920123
2800000 4.861111111111111 0.10276955700101098
2850000 4.944444444444445 0.10273967999819433
2900000 4.944444444444445 0.10339364799801842
2950000 4.777777777777778 0.10302543699799571
3000000 4.972222222222222 0.10382915499940282
