50000 5.138888888888889 0.12392164400080219
100000 5.444444444444445 0.12335401000018464
150000 5.472222222222222 0.12356004599860171
200000 5.361111111111111 0.12123115899885306
250000 5.472222222222222 0.12312113399821101
300000 5.333333333333333 0.12356692899993504
350000 5.472222222222222 0.1244051310022769
400000 5.472222222222222 0.12342530399837415
450000 5.472222222222222 0.12383142500038957
500000 5.416666666666667 0.12375779699868872
550000 5.444444444444445 0.12439015299969469
600000 5.0 0.12351169499743264
650000 5.527777777777778 0.12457272599931457
700000 5.472222222222222 0.125092489997769
750000 5.527777777777778 0.12434314500205801
800000 5.5 0.12498251299984986
850000 5.527777777777778 0.12429239900302491
900000 5.555555555555555 0.1247677819992532
950000 5.555555555555555 0.12518112600082532
1000000 5.555555555555555 0.12455070299984072
1050000 5.472222222222222 0.12497702399923583
1100000 5.527777777777778 0.12424516200189828
1150000 5.527777777777778 0.12495179700272274
1200000 5.416666666666667 0.12516033700012485
1250000 5.527777777777778 0.12499236300209304
1300000 5.555555555555555 0.12478808999730973
1350000 5.361111111111111 0.12307723000049009
1400000 5.527777777777778 0.1251480739992985
1450000 5.527777777777778 0.1231407900013437
1500000 5.527777777777778 0.12387706200024695
1550000 5.527777777777778 0.1244997890025843
1600000 5.527777777777778 0.12339375399824348
1650000 5.555555555555555 0.12348967399884714
1700000 5.555555555555555 0.12335923800128512
1750000 5.5 0.12431608499900904
1800000 5.555555555555555 0.12518553400150267
1850000 5.583333333333333 0.12335622399768909
1900000 5.111111111111111 0.12382960099785123
1950000 5.555555555555555 0.12321168299968122
2000000 5.472222222222222 0.12434295400089468
2050000 5.555555555555555 0.1241173809976317
2100000 5.555555555555555 0.12381102700237534
2150000 5.555555555555555 0.12353930700191995
2200000 5.555555555555555 0.12370190200090292
2250000 5.555555555555555 0.12486037499911617
2300000 5.583333333333333 0.124861135998799
2350000 5.555555555555555 0.12531982699874789
2400000 5.583333333333333 0.124962265999784
2450000 5.555555555555555 0.12390061599944602
2500000 5.444444444444445 0.1237911910029652
2550000 5.555555555555555 0.12380016500173951
2600000 5.361111111111111 0.12363899400224909
2650000 5.555555555555555 0.12402545900113182
2700000 5.361111111111111 0.12365791000047466
2750000 5.555555555555555 0.1242061980010476
2800000 5.5 0.12329822399988188
2850000 5.555555555555555 0.1233490710001206
2900000 5.25 0.12392743500095094
2950000 5.555555555555555 0.12391458199999761
3000000 5.444444444444445 0.12424210599783692
