50000 0.2692307692307692 0.125
100000 1.9423076923076923 1.125
150000 2.423076923076923 1.5
200000 1.25 1.0
250000 1.3461538461538463 1.375
300000 1.5 1.453125
350000 1.0192307692307692 1.375
400000 1.1153846153846154 1.375
450000 0.8846153846153846 1.375
500000 1.1538461538461537 1.0
550000 2.5384615384615383 1.40625
600000 3.5384615384615383 1.546875
650000 2.673076923076923 1.40625
700000 2.1346153846153846 1.59375
750000 4.788461538461538 1.5
800000 4.980769230769231 1.375
850000 4.865384615384615 1.515625
900000 4.903846153846154 1.421875
950000 3.769230769230769 1.09375
1000000 5.5 1.546875
1050000 4.1923076923076925 1.125
1100000 5.038461538461538 1.125
1150000 5.576923076923077 1.375
1200000 5.903846153846154 1.625
1250000 5.269230769230769 1.359375
1300000 4.903846153846154 1.5
1350000 4.288461538461538 1.375
1400000 4.596153846153846 1.375
1450000 4.403846153846154 1.640625
1500000 3.8076923076923075 1.515625
1550000 3.230769230769231 1.65625
1600000 4.403846153846154 1.25
1650000 3.6538461538461537 1.125
1700000 4.538461538461538 1.5
1750000 4.076923076923077 1.671875
1800000 3.269230769230769 1.375
1850000 4.019230769230769 1.484375
1900000 4.6923076923076925 1.5625
1950000 4.076923076923077 1.375
2000000 5.480769230769231 1.5
2050000 5.384615384615385 1.453125
2100000 5.288461538461538 1.140625
2150000 5.8076923076923075 1.375
2200000 5.3076923076923075 1.0
2250000 5.769230769230769 1.46875
2300000 5.269230769230769 1.578125
2350000 5.096153846153846 1.625
2400000 4.576923076923077 1.375
2450000 5.5576923076923075 1.25
2500000 5.288461538461538 1.5
2550000 5.096153846153846 1.375
2600000 5.115384615384615 1.375
2650000 5.365384615384615 1.375
2700000 4.884615384615385 1.5
2750000 5.0576923076923075 1.65625
2800000 5.134615384615385 1.375
2850000 5.8076923076923075 1.5
2900000 5.153846153846154 1.5
2950000 5.365384615384615 1.5
3000000 5.153846153846154 1.546875
