50000 2.519230769230769 0.15625
100000 3.6153846153846154 0.140625
150000 4.0 0.203125
200000 3.9423076923076925 0.1875
250000 3.980769230769231 0.515625
300000 4.076923076923077 0.1875
350000 4.019230769230769 0.203125
400000 3.980769230769231 0.15625
450000 7.384615384615385 0.203125
500000 7.6923076923076925 0.15625
550000 7.826923076923077 0.15625
600000 7.730769230769231 0.15625
650000 7.8076923076923075 0.203125
700000 7.8076923076923075 0.28125
750000 7.826923076923077 0.203125
800000 7.961538461538462 0.15625
850000 7.884615384615385 1.046875
900000 7.75 0.203125
950000 7.788461538461538 0.203125
1000000 7.865384615384615 0.171875
1050000 7.884615384615385 0.15625
1100000 7.75 0.1875
1150000 7.673076923076923 0.203125
1200000 7.865384615384615 0.15625
1250000 7.865384615384615 0.28125
1300000 7.865384615384615 0.265625
1350000 7.903846153846154 0.1875
1400000 7.75 0.171875
1450000 7.846153846153846 1.53125
1500000 7.923076923076923 0.203125
1550000 7.9423076923076925 0.171875
1600000 8.0 0.203125
1650000 7.980769230769231 0.203125
1700000 7.9423076923076925 0.328125
1750000 7.961538461538462 0.15625
1800000 7.961538461538462 0.203125
1850000 8.0 0.203125
1900000 7.9423076923076925 0.21875
1950000 7.961538461538462 0.21875
2000000 8.01923076923077 0.15625
2050000 8.0 0.21875
2100000 7.923076923076923 0.1875
2150000 7.980769230769231 0.265625
2200000 7.846153846153846 0.203125
2250000 7.923076923076923 0.203125
2300000 7.961538461538462 0.671875
2350000 7.865384615384615 0.203125
2400000 8.038461538461538 0.265625
2450000 7.961538461538462 0.15625
2500000 7.8076923076923075 0.203125
2550000 7.865384615384615 0.21875
2600000 8.01923076923077 0.28125
2650000 7.9423076923076925 0.15625
2700000 7.961538461538462 0.15625
2750000 7.961538461538462 0.203125
2800000 8.0 0.15625
2850000 8.01923076923077 0.171875
2900000 7.961538461538462 1.3125
2950000 7.961538461538462 0.15625
3000000 7.846153846153846 0.203125
