50000 2.9038461538461537 0.125
100000 5.6923076923076925 0.171875
150000 6.134615384615385 0.15625
200000 6.384615384615385 0.140625
250000 7.826923076923077 0.21875
300000 7.346153846153846 0.1875
350000 7.9423076923076925 0.21875
400000 7.826923076923077 0.234375
450000 7.826923076923077 0.203125
500000 7.596153846153846 0.234375
550000 7.5576923076923075 0.1875
600000 7.730769230769231 0.15625
650000 7.423076923076923 0.21875
700000 7.9423076923076925 0.265625
750000 8.096153846153847 0.15625
800000 7.884615384615385 0.15625
850000 7.980769230769231 0.84375
900000 8.076923076923077 0.203125
950000 7.826923076923077 0.21875
1000000 8.096153846153847 0.21875
1050000 8.038461538461538 0.15625
1100000 7.9423076923076925 0.265625
1150000 8.0 0.15625
1200000 7.9423076923076925 0.171875
1250000 7.5576923076923075 0.15625
1300000 7.653846153846154 0.171875
1350000 7.8076923076923075 0.21875
1400000 7.9423076923076925 0.265625
1450000 7.826923076923077 1.515625
1500000 7.634615384615385 0.234375
1550000 7.653846153846154 0.28125
1600000 7.826923076923077 0.28125
1650000 7.846153846153846 0.21875
1700000 7.788461538461538 0.21875
1750000 7.75 0.15625
1800000 7.884615384615385 0.28125
1850000 7.903846153846154 0.203125
1900000 7.961538461538462 0.15625
1950000 7.923076923076923 0.15625
2000000 7.9423076923076925 0.1875
2050000 7.788461538461538 0.21875
2100000 8.01923076923077 0.25
2150000 7.826923076923077 0.28125
2200000 7.730769230769231 0.203125
2250000 8.01923076923077 0.15625
2300000 7.884615384615385 0.796875
2350000 7.865384615384615 0.15625
2400000 7.961538461538462 0.15625
2450000 7.711538461538462 0.21875
2500000 7.961538461538462 0.203125
2550000 8.038461538461538 0.15625
2600000 7.846153846153846 0.21875
2650000 7.846153846153846 0.21875
2700000 7.884615384615385 0.28125
2750000 7.826923076923077 0.203125
2800000 7.961538461538462 0.265625
2850000 8.038461538461538 0.21875
2900000 7.846153846153846 1.296875
2950000 7.653846153846154 0.203125
3000000 7.865384615384615 0.25
