50000 0.09615384615384616 0.078125
100000 1.1346153846153846 1.125
150000 2.019230769230769 1.640625
200000 1.8653846153846154 1.375
250000 1.8269230769230769 1.546875
300000 1.4423076923076923 1.0
350000 1.1923076923076923 1.125
400000 1.25 1.625
450000 1.2692307692307692 1.546875
500000 1.8076923076923077 1.640625
550000 3.769230769230769 1.671875
600000 2.5384615384615383 1.5
650000 2.326923076923077 1.671875
700000 2.5 1.5625
750000 2.4038461538461537 1.625
800000 2.019230769230769 1.5
850000 1.9230769230769231 1.65625
900000 2.230769230769231 1.375
950000 2.2115384615384617 1.0625
1000000 2.326923076923077 1.65625
1050000 1.8846153846153846 1.546875
1100000 2.1153846153846154 1.609375
1150000 2.6346153846153846 1.0625
1200000 2.6153846153846154 1.625
1250000 2.7884615384615383 1.5
1300000 2.730769230769231 1.125
1350000 2.7884615384615383 1.375
1400000 2.3846153846153846 1.5
1450000 2.6538461538461537 1.5
1500000 2.5961538461538463 1.09375
1550000 2.6346153846153846 1.5
1600000 2.6538461538461537 1.109375
1650000 2.5961538461538463 1.5
1700000 2.326923076923077 1.671875
1750000 1.7692307692307692 1.5
1800000 2.673076923076923 1.65625
1850000 2.8461538461538463 1.5
1900000 2.269230769230769 1.09375
1950000 2.6538461538461537 1.484375
2000000 2.4615384615384617 1.125
2050000 2.5576923076923075 1.65625
2100000 2.326923076923077 1.375
2150000 2.9038461538461537 1.125
2200000 2.2115384615384617 1.375
2250000 2.519230769230769 1.375
2300000 2.25 1.375
2350000 2.5384615384615383 1.5
2400000 2.1538461538461537 1.0
2450000 2.1538461538461537 1.203125
2500000 2.326923076923077 1.375
2550000 2.1538461538461537 1.484375
2600000 2.1346153846153846 1.375
2650000 2.3076923076923075 1.375
2700000 1.8461538461538463 1.328125
2750000 2.6538461538461537 1.5
2800000 2.4615384615384617 1.546875
2850000 2.5 1.375
2900000 2.5961538461538463 1.625
2950000 2.0961538461538463 1.640625
3000000 2.326923076923077 1.375
