50000 5.1923076923076925 0.15625
100000 5.923076923076923 0.234375
150000 6.846153846153846 0.1875
200000 7.288461538461538 0.203125
250000 7.3076923076923075 0.3125
300000 7.25 0.15625
350000 7.4423076923076925 0.140625
400000 7.269230769230769 0.25
450000 7.576923076923077 0.21875
500000 7.0 0.140625
550000 7.230769230769231 0.234375
600000 7.423076923076923 0.140625
650000 7.4423076923076925 0.203125
700000 7.615384615384615 0.28125
750000 7.576923076923077 0.203125
800000 7.576923076923077 0.265625
850000 7.519230769230769 1.0
900000 7.826923076923077 0.21875
950000 7.8076923076923075 0.21875
1000000 7.711538461538462 0.203125
1050000 7.730769230769231 0.28125
1100000 7.75 0.28125
1150000 7.826923076923077 0.15625
1200000 7.865384615384615 0.203125
1250000 7.711538461538462 0.203125
1300000 7.730769230769231 0.203125
1350000 7.9423076923076925 0.171875
1400000 7.923076923076923 0.21875
1450000 7.923076923076923 1.421875
1500000 7.903846153846154 0.1875
1550000 7.865384615384615 0.234375
1600000 7.653846153846154 0.21875
1650000 7.846153846153846 0.203125
1700000 7.9423076923076925 0.25
1750000 7.8076923076923075 0.265625
1800000 7.865384615384615 0.25
1850000 7.826923076923077 0.203125
1900000 7.788461538461538 0.21875
1950000 7.519230769230769 0.265625
2000000 7.9423076923076925 0.21875
2050000 7.403846153846154 0.265625
2100000 7.923076923076923 0.203125
2150000 7.884615384615385 0.25
2200000 7.846153846153846 0.203125
2250000 7.846153846153846 0.265625
2300000 7.788461538461538 0.71875
2350000 7.6923076923076925 0.15625
2400000 7.788461538461538 0.265625
2450000 7.884615384615385 0.203125
2500000 7.865384615384615 0.28125
2550000 7.826923076923077 0.203125
2600000 7.519230769230769 0.265625
2650000 7.673076923076923 0.1875
2700000 7.730769230769231 0.21875
2750000 7.634615384615385 0.203125
2800000 7.5576923076923075 0.15625
2850000 7.673076923076923 0.15625
2900000 7.980769230769231 1.3125
2950000 7.846153846153846 0.203125
3000000 7.788461538461538 0.203125
