50000 0.11538461538461539 0.078125
100000 1.4423076923076923 1.125
150000 3.0384615384615383 1.53125
200000 2.480769230769231 1.46875
250000 2.730769230769231 1.484375
300000 2.75 1.6875
350000 1.4615384615384615 1.375
400000 1.0384615384615385 1.515625
450000 0.7115384615384616 1.515625
500000 0.7884615384615384 1.0
550000 3.0576923076923075 1.0
600000 3.5384615384615383 1.671875
650000 3.019230769230769 1.5
700000 3.519230769230769 1.5
750000 4.019230769230769 1.5
800000 3.5 1.375
850000 2.8846153846153846 1.5
900000 2.826923076923077 1.125
950000 2.769230769230769 1.484375
1000000 2.826923076923077 1.125
1050000 2.3653846153846154 1.375
1100000 2.6538461538461537 1.375
1150000 2.4038461538461537 1.375
1200000 2.4038461538461537 1.125
1250000 2.3076923076923075 1.375
1300000 1.8461538461538463 1.125
1350000 2.0384615384615383 1.5
1400000 1.8269230769230769 1.59375
1450000 1.8076923076923077 1.375
1500000 1.7884615384615385 1.3125
1550000 1.5 1.25
1600000 1.5576923076923077 1.375
1650000 1.5576923076923077 1.640625
1700000 1.1538461538461537 1.125
1750000 0.9615384615384616 1.25
1800000 1.0384615384615385 0.875
1850000 1.2307692307692308 1.125
1900000 0.7884615384615384 1.125
1950000 0.7692307692307693 1.125
2000000 0.6153846153846154 1.125
2050000 0.4807692307692308 0.875
2100000 0.7115384615384616 1.0
2150000 1.3269230769230769 1.125
2200000 1.2115384615384615 1.359375
2250000 1.2692307692307692 1.375
2300000 1.1538461538461537 1.28125
2350000 1.1923076923076923 1.5
2400000 1.2692307692307692 1.625
2450000 1.6538461538461537 1.375
2500000 1.8461538461538463 1.125
2550000 1.9615384615384615 1.125
2600000 1.8461538461538463 1.5
2650000 2.1153846153846154 1.125
2700000 2.1153846153846154 1.25
2750000 2.1153846153846154 1.25
2800000 2.1538461538461537 1.5
2850000 1.9230769230769231 1.5
2900000 2.1153846153846154 1.125
2950000 1.8269230769230769 1.125
3000000 2.076923076923077 0.90625
