50000 3.673076923076923 0.234375
100000 4.403846153846154 0.15625
150000 5.230769230769231 0.140625
200000 5.75 0.15625
250000 6.346153846153846 0.234375
300000 5.826923076923077 0.203125
350000 6.365384615384615 0.25
400000 6.5 0.1875
450000 6.576923076923077 0.1875
500000 6.961538461538462 0.28125
550000 6.653846153846154 0.1875
600000 7.673076923076923 0.15625
650000 7.576923076923077 0.203125
700000 7.384615384615385 0.203125
750000 7.75 0.203125
800000 7.519230769230769 0.203125
850000 7.5 0.75
900000 7.173076923076923 0.203125
950000 7.711538461538462 0.203125
1000000 7.019230769230769 0.265625
1050000 7.096153846153846 0.1875
1100000 7.365384615384615 0.203125
1150000 7.634615384615385 0.234375
1200000 7.634615384615385 0.15625
1250000 7.3076923076923075 0.203125
1300000 7.0576923076923075 0.203125
1350000 7.6923076923076925 0.21875
1400000 7.826923076923077 0.15625
1450000 7.769230769230769 1.421875
1500000 7.788461538461538 0.203125
1550000 7.788461538461538 0.15625
1600000 7.711538461538462 0.203125
1650000 7.634615384615385 0.15625
1700000 7.884615384615385 0.21875
1750000 7.923076923076923 0.21875
1800000 7.6923076923076925 0.203125
1850000 7.846153846153846 0.234375
1900000 7.673076923076923 0.28125
1950000 7.5576923076923075 0.140625
2000000 7.596153846153846 0.203125
2050000 7.519230769230769 0.203125
2100000 7.711538461538462 0.265625
2150000 7.5576923076923075 0.203125
2200000 7.365384615384615 0.203125
2250000 6.980769230769231 0.15625
2300000 7.3076923076923075 0.71875
2350000 7.115384615384615 0.203125
2400000 7.3076923076923075 0.25
2450000 7.538461538461538 0.203125
2500000 7.634615384615385 0.1875
2550000 7.730769230769231 0.203125
2600000 7.5576923076923075 0.203125
2650000 7.4423076923076925 0.15625
2700000 7.6923076923076925 0.203125
2750000 7.423076923076923 0.265625
2800000 7.634615384615385 0.21875
2850000 7.75 0.203125
2900000 7.8076923076923075 1.4375
2950000 7.75 0.203125
3000000 7.769230769230769 0.15625
