50000 4.346153846153846 0.125
100000 6.346153846153846 0.171875
150000 6.884615384615385 0.21875
200000 7.326923076923077 0.203125
250000 7.0576923076923075 0.375
300000 7.423076923076923 0.203125
350000 7.653846153846154 0.15625
400000 7.673076923076923 0.25
450000 7.519230769230769 0.21875
500000 7.269230769230769 0.15625
550000 7.5 0.265625
600000 7.423076923076923 0.28125
650000 7.346153846153846 0.28125
700000 7.346153846153846 0.1875
750000 7.403846153846154 0.203125
800000 7.423076923076923 0.15625
850000 7.519230769230769 0.8125
900000 7.461538461538462 0.203125
950000 7.461538461538462 0.203125
1000000 7.538461538461538 0.28125
1050000 7.5576923076923075 0.203125
1100000 7.4423076923076925 0.265625
1150000 7.769230769230769 0.203125
1200000 7.826923076923077 0.15625
1250000 7.5576923076923075 0.203125
1300000 7.538461538461538 0.203125
1350000 7.769230769230769 0.234375
1400000 7.8076923076923075 0.15625
1450000 7.769230769230769 1.421875
1500000 7.346153846153846 0.140625
1550000 7.346153846153846 0.203125
1600000 7.519230769230769 0.265625
1650000 7.3076923076923075 0.203125
1700000 7.519230769230769 0.3125
1750000 7.269230769230769 0.1875
1800000 7.326923076923077 0.1875
1850000 7.8076923076923075 0.140625
1900000 7.75 0.203125
1950000 7.8076923076923075 0.21875
2000000 7.711538461538462 0.15625
2050000 7.903846153846154 0.15625
2100000 7.865384615384615 0.21875
2150000 7.769230769230769 0.21875
2200000 7.634615384615385 0.203125
2250000 7.846153846153846 0.265625
2300000 7.75 0.859375
2350000 7.730769230769231 0.203125
2400000 7.75 0.203125
2450000 7.865384615384615 0.203125
2500000 7.788461538461538 0.21875
2550000 7.865384615384615 0.15625
2600000 7.826923076923077 0.203125
2650000 7.730769230769231 0.25
2700000 7.788461538461538 0.15625
2750000 7.8076923076923075 0.265625
2800000 7.5576923076923075 0.15625
2850000 7.923076923076923 0.15625
2900000 7.903846153846154 1.390625
2950000 7.923076923076923 0.21875
3000000 7.865384615384615 0.15625
