50000 3.3076923076923075 0.140625
100000 6.538461538461538 0.21875
150000 7.115384615384615 0.140625
200000 7.0576923076923075 0.203125
250000 7.384615384615385 0.390625
300000 7.576923076923077 0.203125
350000 7.423076923076923 0.140625
400000 7.538461538461538 0.265625
450000 7.615384615384615 0.28125
500000 7.769230769230769 0.234375
550000 7.538461538461538 0.25
600000 7.75 0.28125
650000 7.653846153846154 0.28125
700000 7.903846153846154 0.28125
750000 7.673076923076923 0.15625
800000 7.9423076923076925 0.28125
850000 7.884615384615385 0.78125
900000 7.9423076923076925 0.28125
950000 7.903846153846154 0.15625
1000000 7.884615384615385 0.21875
1050000 7.9423076923076925 0.15625
1100000 7.980769230769231 0.21875
1150000 7.884615384615385 0.234375
1200000 7.923076923076923 0.15625
1250000 7.9423076923076925 0.25
1300000 7.923076923076923 0.21875
1350000 7.903846153846154 0.1875
1400000 7.9423076923076925 0.28125
1450000 7.884615384615385 1.546875
1500000 7.923076923076923 0.203125
1550000 7.846153846153846 0.140625
1600000 7.903846153846154 0.171875
1650000 7.865384615384615 0.1875
1700000 7.923076923076923 0.25
1750000 7.8076923076923075 0.203125
1800000 7.903846153846154 0.140625
1850000 7.903846153846154 0.28125
1900000 7.846153846153846 0.28125
1950000 7.788461538461538 0.28125
2000000 7.903846153846154 0.203125
2050000 7.903846153846154 0.203125
2100000 7.903846153846154 0.21875
2150000 7.923076923076923 0.171875
2200000 7.903846153846154 0.265625
2250000 7.634615384615385 0.15625
2300000 7.730769230769231 0.75
2350000 7.826923076923077 0.203125
2400000 7.8076923076923075 0.21875
2450000 7.903846153846154 0.28125
2500000 7.923076923076923 0.203125
2550000 7.884615384615385 0.265625
2600000 7.961538461538462 0.265625
2650000 7.884615384615385 0.171875
2700000 7.865384615384615 0.203125
2750000 7.923076923076923 0.171875
2800000 7.826923076923077 0.171875
2850000 7.903846153846154 0.21875
2900000 7.865384615384615 1.421875
2950000 7.884615384615385 0.21875
3000000 7.961538461538462 0.265625
