50000 0.09615384615384616 0.0625
100000 1.2115384615384615 1.25
150000 2.5576923076923075 1.5
200000 2.2115384615384617 1.5
250000 1.5 1.125
300000 1.4038461538461537 1.53125
350000 1.2884615384615385 1.25
400000 1.0192307692307692 1.59375
450000 2.230769230769231 1.640625
500000 3.480769230769231 1.125
550000 2.230769230769231 1.5
600000 1.5384615384615385 1.375
650000 2.1923076923076925 1.5
700000 2.6923076923076925 1.515625
750000 3.173076923076923 1.4375
800000 4.230769230769231 1.0
850000 2.9615384615384617 1.53125
900000 3.0961538461538463 1.0
950000 3.3846153846153846 1.5
1000000 3.7884615384615383 1.5
1050000 3.9615384615384617 1.65625
1100000 3.826923076923077 1.375
1150000 4.3076923076923075 1.5
1200000 4.038461538461538 1.375
1250000 3.75 1.140625
1300000 3.5384615384615383 1.375
1350000 3.7884615384615383 1.4375
1400000 3.519230769230769 1.546875
1450000 3.9615384615384617 1.5
1500000 3.5576923076923075 1.375
1550000 3.5 1.125
1600000 3.7115384615384617 1.0
1650000 3.7884615384615383 1.40625
1700000 3.8846153846153846 1.5
1750000 4.038461538461538 1.546875
1800000 4.269230769230769 1.34375
1850000 4.346153846153846 1.484375
1900000 4.346153846153846 1.59375
1950000 4.346153846153846 1.5
2000000 4.596153846153846 1.5
2050000 4.5 1.53125
2100000 4.3076923076923075 1.5
2150000 4.5 1.609375
2200000 4.538461538461538 1.359375
2250000 5.173076923076923 1.546875
2300000 5.1923076923076925 1.546875
2350000 5.25 1.25
2400000 5.0 1.46875
2450000 5.019230769230769 1.375
2500000 5.153846153846154 1.625
2550000 5.6923076923076925 1.5
2600000 5.596153846153846 1.609375
2650000 5.653846153846154 1.0
2700000 5.788461538461538 1.25
2750000 5.615384615384615 1.546875
2800000 5.480769230769231 1.375
2850000 5.134615384615385 1.0
2900000 5.865384615384615 1.5
2950000 4.230769230769231 1.421875
3000000 4.326923076923077 1.546875
