50000 5.173076923076923 0.234375
100000 6.326923076923077 0.1875
150000 7.5576923076923075 0.15625
200000 7.788461538461538 0.203125
250000 7.923076923076923 0.34375
300000 7.8076923076923075 0.265625
350000 7.961538461538462 0.203125
400000 7.9423076923076925 0.15625
450000 7.903846153846154 0.203125
500000 7.711538461538462 0.203125
550000 7.846153846153846 0.15625
600000 7.788461538461538 0.234375
650000 7.865384615384615 0.28125
700000 7.903846153846154 0.234375
750000 7.9423076923076925 0.203125
800000 7.903846153846154 0.203125
850000 7.9423076923076925 0.875
900000 7.884615384615385 0.25
950000 7.980769230769231 0.28125
1000000 8.0 0.28125
1050000 7.923076923076923 0.140625
1100000 7.865384615384615 0.28125
1150000 7.711538461538462 0.203125
1200000 7.5576923076923075 0.15625
1250000 7.326923076923077 0.15625
1300000 7.384615384615385 0.1875
1350000 7.4423076923076925 0.265625
1400000 7.5576923076923075 0.203125
1450000 7.269230769230769 1.578125
1500000 7.730769230769231 0.25
1550000 7.653846153846154 0.1875
1600000 7.788461538461538 0.15625
1650000 7.615384615384615 0.28125
1700000 7.788461538461538 0.328125
1750000 7.6923076923076925 0.21875
1800000 7.673076923076923 0.203125
1850000 7.903846153846154 0.15625
1900000 7.884615384615385 0.15625
1950000 7.980769230769231 0.21875
2000000 7.884615384615385 0.203125
2050000 8.0 0.203125
2100000 8.0 0.171875
2150000 7.961538461538462 0.15625
2200000 8.01923076923077 0.265625
2250000 7.961538461538462 0.203125
2300000 7.980769230769231 0.84375
2350000 7.961538461538462 0.203125
2400000 8.0 0.28125
2450000 7.980769230769231 0.203125
2500000 7.961538461538462 0.21875
2550000 7.903846153846154 0.28125
2600000 7.826923076923077 0.203125
2650000 8.0 0.203125
2700000 8.0 0.171875
2750000 8.0 0.171875
2800000 7.923076923076923 0.1875
2850000 7.961538461538462 0.203125
2900000 7.9423076923076925 1.3125
2950000 8.0 0.15625
3000000 7.9423076923076925 0.1875
