50000 2.3461538461538463 0.09375
100000 5.1923076923076925 0.109375
150000 6.096153846153846 0.109375
200000 6.096153846153846 0.125
250000 7.365384615384615 0.484375
300000 7.269230769230769 0.125
350000 6.903846153846154 0.125
400000 7.538461538461538 0.125
450000 7.423076923076923 0.140625
500000 7.9423076923076925 0.140625
550000 7.346153846153846 0.125
600000 7.403846153846154 0.125
650000 7.019230769230769 0.125
700000 7.4423076923076925 0.125
750000 7.288461538461538 0.125
800000 7.634615384615385 0.140625
850000 7.673076923076923 1.125
900000 7.903846153846154 0.140625
950000 7.769230769230769 0.140625
1000000 7.788461538461538 0.140625
1050000 7.788461538461538 0.125
1100000 7.6923076923076925 0.125
1150000 7.865384615384615 0.140625
1200000 7.653846153846154 0.140625
1250000 7.519230769230769 0.140625
1300000 7.5 0.125
1350000 7.75 0.140625
1400000 7.75 0.140625
1450000 7.519230769230769 1.375
1500000 7.423076923076923 0.125
1550000 7.730769230769231 0.140625
1600000 7.403846153846154 0.125
1650000 7.884615384615385 0.140625
1700000 7.5576923076923075 0.359375
1750000 6.8076923076923075 0.125
1800000 7.25 0.125
1850000 7.5 0.140625
1900000 7.711538461538462 0.125
1950000 7.711538461538462 0.140625
2000000 7.75 0.140625
2050000 7.403846153846154 0.140625
2100000 7.365384615384615 0.140625
2150000 7.365384615384615 0.125
2200000 7.173076923076923 0.125
2250000 7.6923076923076925 0.140625
2300000 7.846153846153846 0.921875
2350000 7.826923076923077 0.125
2400000 7.634615384615385 0.125
2450000 7.615384615384615 0.125
2500000 7.788461538461538 0.140625
2550000 7.8076923076923075 0.125
2600000 7.711538461538462 0.15625
2650000 7.826923076923077 0.140625
2700000 7.711538461538462 0.125
2750000 7.711538461538462 0.140625
2800000 7.826923076923077 0.140625
2850000 7.75 0.140625
2900000 7.673076923076923 1.375
2950000 7.9423076923076925 0.140625
3000000 7.961538461538462 0.125
