50000 6.403846153846154 0.203125
100000 7.826923076923077 0.28125
150000 7.826923076923077 0.203125
200000 8.173076923076923 0.25
250000 8.01923076923077 0.3125
300000 7.865384615384615 0.203125
350000 7.961538461538462 0.203125
400000 8.23076923076923 0.203125
450000 8.134615384615385 0.21875
500000 8.134615384615385 0.203125
550000 7.923076923076923 0.203125
600000 8.173076923076923 0.15625
650000 8.057692307692308 0.203125
700000 8.25 0.21875
750000 8.076923076923077 0.28125
800000 7.980769230769231 0.203125
850000 8.057692307692308 1.015625
900000 8.153846153846153 0.234375
950000 8.096153846153847 0.15625
1000000 8.211538461538462 0.265625
1050000 8.192307692307692 0.21875
1100000 8.057692307692308 0.1875
1150000 8.115384615384615 0.28125
1200000 8.134615384615385 0.265625
1250000 8.01923076923077 0.28125
1300000 8.076923076923077 0.203125
1350000 8.115384615384615 0.265625
1400000 8.038461538461538 0.21875
1450000 7.980769230769231 1.515625
1500000 8.057692307692308 0.21875
1550000 8.134615384615385 0.265625
1600000 8.173076923076923 0.15625
1650000 8.115384615384615 0.265625
1700000 8.134615384615385 0.21875
1750000 8.134615384615385 0.203125
1800000 8.134615384615385 0.28125
1850000 8.01923076923077 0.203125
1900000 8.01923076923077 0.28125
1950000 8.01923076923077 0.28125
2000000 8.076923076923077 0.265625
2050000 8.115384615384615 0.15625
2100000 8.211538461538462 0.21875
2150000 8.326923076923077 0.203125
2200000 8.211538461538462 0.25
2250000 8.173076923076923 0.25
2300000 8.192307692307692 0.875
2350000 8.134615384615385 0.15625
2400000 8.153846153846153 0.21875
2450000 8.211538461538462 0.203125
2500000 8.134615384615385 0.28125
2550000 8.25 0.15625
2600000 8.192307692307692 0.21875
2650000 8.365384615384615 0.28125
2700000 8.038461538461538 0.203125
2750000 8.0 0.265625
2800000 8.096153846153847 0.28125
2850000 8.096153846153847 0.203125
2900000 8.076923076923077 1.296875
2950000 8.057692307692308 0.203125
3000000 8.173076923076923 0.15625
