50000 0.09615384615384616 0.0625
100000 0.6923076923076923 1.0
150000 2.0384615384615383 0.875
200000 2.326923076923077 1.25
250000 2.1153846153846154 1.125
300000 2.4615384615384617 1.375
350000 1.7692307692307692 1.65625
400000 1.3461538461538463 1.546875
450000 0.8076923076923077 1.25
500000 1.4807692307692308 1.0
550000 1.8653846153846154 1.5
600000 2.269230769230769 1.65625
650000 3.4038461538461537 1.109375
700000 3.4615384615384617 1.125
750000 2.5576923076923075 1.375
800000 2.5961538461538463 1.5
850000 2.519230769230769 1.25
900000 2.5961538461538463 1.609375
950000 2.576923076923077 1.375
1000000 2.4615384615384617 1.484375
1050000 2.480769230769231 1.3125
1100000 2.730769230769231 1.375
1150000 2.6538461538461537 1.25
1200000 2.6153846153846154 1.25
1250000 2.269230769230769 1.0
1300000 2.5 1.25
1350000 2.269230769230769 1.375
1400000 2.2115384615384617 1.609375
1450000 2.1346153846153846 1.25
1500000 1.6153846153846154 1.5
1550000 1.6538461538461537 1.609375
1600000 1.6538461538461537 1.375
1650000 1.5961538461538463 1.375
1700000 1.7307692307692308 1.375
1750000 1.5961538461538463 1.125
1800000 1.6538461538461537 1.125
1850000 1.5 1.515625
1900000 1.4230769230769231 1.546875
1950000 1.5384615384615385 1.34375
2000000 1.4038461538461537 1.40625
2050000 1.3846153846153846 1.25
2100000 1.1538461538461537 1.515625
2150000 1.0769230769230769 0.984375
2200000 0.7884615384615384 1.25
2250000 1.0576923076923077 1.25
2300000 1.1923076923076923 1.375
2350000 1.1923076923076923 1.375
2400000 1.2884615384615385 1.25
2450000 1.1538461538461537 1.515625
2500000 1.5192307692307692 1.375
2550000 1.5384615384615385 1.0
2600000 1.4038461538461537 1.0
2650000 1.3269230769230769 1.625
2700000 1.0769230769230769 1.25
2750000 1.2692307692307692 1.25
2800000 1.4230769230769231 1.25
2850000 1.0 1.375
2900000 1.0576923076923077 1.5625
2950000 1.4807692307692308 1.375
3000000 1.6346153846153846 1.0625
