50000 0.11538461538461539 0.09375
100000 1.0 1.375
150000 1.6346153846153846 1.46875
200000 1.3846153846153846 1.0
250000 1.1153846153846154 1.0
300000 1.7307692307692308 1.34375
350000 1.7115384615384615 1.5
400000 1.2115384615384615 1.5
450000 1.4615384615384615 1.609375
500000 4.096153846153846 1.671875
550000 5.711538461538462 1.609375
600000 5.326923076923077 1.078125
650000 6.019230769230769 1.375
700000 6.096153846153846 1.5
750000 5.153846153846154 1.453125
800000 6.346153846153846 1.5
850000 6.326923076923077 1.109375
900000 6.269230769230769 1.5
950000 6.4423076923076925 1.671875
1000000 6.076923076923077 1.546875
1050000 5.230769230769231 1.21875
1100000 5.4423076923076925 1.671875
1150000 6.153846153846154 1.546875
1200000 6.173076923076923 1.5
1250000 5.519230769230769 1.375
1300000 5.865384615384615 1.5
1350000 6.0576923076923075 1.5
1400000 5.634615384615385 1.5
1450000 5.75 1.5
1500000 6.0 1.5
1550000 5.903846153846154 1.125
1600000 5.211538461538462 1.0
1650000 6.096153846153846 1.484375
1700000 5.211538461538462 1.375
1750000 5.6923076923076925 1.359375
1800000 4.634615384615385 1.046875
1850000 5.269230769230769 1.296875
1900000 5.461538461538462 1.5
1950000 5.0576923076923075 1.375
2000000 5.596153846153846 1.390625
2050000 5.634615384615385 1.25
2100000 5.769230769230769 1.015625
2150000 6.173076923076923 1.625
2200000 5.288461538461538 1.5
2250000 5.980769230769231 1.5
2300000 5.980769230769231 1.546875
2350000 5.865384615384615 1.375
2400000 6.096153846153846 1.65625
2450000 6.384615384615385 1.375
2500000 6.519230769230769 1.46875
2550000 6.3076923076923075 1.5
2600000 6.0576923076923075 1.5
2650000 5.826923076923077 1.5
2700000 5.865384615384615 1.53125
2750000 6.076923076923077 1.375
2800000 6.173076923076923 1.375
2850000 6.576923076923077 1.546875
2900000 6.519230769230769 1.53125
2950000 6.615384615384615 1.625
3000000 6.0576923076923075 1.390625
