50000 0.09615384615384616 0.0625
100000 1.2307692307692308 1.0
150000 1.6730769230769231 1.515625
200000 1.4038461538461537 1.359375
250000 1.4615384615384615 1.578125
300000 1.5 1.265625
350000 1.5769230769230769 1.34375
400000 1.5192307692307692 1.46875
450000 1.4230769230769231 1.5
500000 1.3076923076923077 1.53125
550000 2.480769230769231 1.671875
600000 4.9423076923076925 1.546875
650000 2.6923076923076925 1.234375
700000 2.769230769230769 1.375
750000 2.8076923076923075 1.375
800000 4.211538461538462 1.40625
850000 4.903846153846154 1.5
900000 4.173076923076923 1.484375
950000 4.3076923076923075 1.25
1000000 3.9423076923076925 1.0
1050000 3.8846153846153846 1.640625
1100000 3.8653846153846154 1.375
1150000 3.769230769230769 1.375
1200000 4.403846153846154 1.65625
1250000 3.3653846153846154 1.125
1300000 4.019230769230769 1.5
1350000 4.134615384615385 1.484375
1400000 4.711538461538462 1.5
1450000 4.4423076923076925 1.5
1500000 3.480769230769231 1.546875
1550000 3.9615384615384617 1.0
1600000 3.576923076923077 1.375
1650000 3.576923076923077 1.546875
1700000 3.0961538461538463 1.3125
1750000 3.1538461538461537 1.375
1800000 2.8846153846153846 1.65625
1850000 3.2115384615384617 1.53125
1900000 2.9615384615384617 1.0
1950000 3.4615384615384617 1.375
2000000 3.5576923076923075 0.984375
2050000 4.673076923076923 1.640625
2100000 5.019230769230769 1.125
2150000 4.980769230769231 1.5
2200000 5.3076923076923075 1.671875
2250000 5.596153846153846 1.484375
2300000 5.75 1.609375
2350000 6.096153846153846 1.4375
2400000 5.961538461538462 1.125
2450000 6.0 1.5
2500000 6.096153846153846 1.5
2550000 5.865384615384615 1.5625
2600000 6.25 1.375
2650000 5.75 1.625
2700000 6.326923076923077 1.625
2750000 6.326923076923077 1.25
2800000 6.403846153846154 1.125
2850000 6.1923076923076925 1.375
2900000 6.096153846153846 1.5
2950000 5.711538461538462 1.4375
3000000 6.134615384615385 1.40625
