50000 0.17307692307692307 0.09375
100000 1.4807692307692308 1.046875
150000 2.0576923076923075 1.515625
200000 2.173076923076923 1.515625
250000 3.173076923076923 1.4375
300000 2.826923076923077 1.5
350000 2.8461538461538463 1.5
400000 1.4230769230769231 1.296875
450000 1.0576923076923077 1.375
500000 0.7307692307692307 1.25
550000 1.3846153846153846 1.296875
600000 2.6153846153846154 1.125
650000 2.6153846153846154 1.375
700000 2.923076923076923 1.65625
750000 2.730769230769231 1.5
800000 2.8846153846153846 1.234375
850000 2.8461538461538463 1.515625
900000 2.6923076923076925 1.0
950000 2.173076923076923 1.375
1000000 2.423076923076923 1.4375
1050000 2.173076923076923 1.5
1100000 2.769230769230769 1.375
1150000 2.673076923076923 1.375
1200000 2.326923076923077 1.515625
1250000 2.3653846153846154 1.375
1300000 2.1923076923076925 1.25
1350000 2.1538461538461537 1.53125
1400000 2.1538461538461537 1.0
1450000 2.0 1.609375
1500000 1.8846153846153846 1.5
1550000 1.7307692307692308 1.25
1600000 2.0961538461538463 1.640625
1650000 1.4615384615384615 1.25
1700000 1.5384615384615385 1.640625
1750000 1.5192307692307692 1.65625
1800000 1.4230769230769231 1.375
1850000 1.1153846153846154 1.5
1900000 1.3076923076923077 1.28125
1950000 1.2692307692307692 1.28125
2000000 1.0 1.25
2050000 1.0 1.375
2100000 1.0384615384615385 1.640625
2150000 1.0576923076923077 1.25
2200000 1.0384615384615385 0.875
2250000 1.4423076923076923 1.0
2300000 1.4038461538461537 1.25
2350000 1.0384615384615385 1.625
2400000 1.0769230769230769 1.234375
2450000 1.2692307692307692 1.25
2500000 1.2115384615384615 0.875
2550000 1.1538461538461537 1.5
2600000 0.75 1.25
2650000 0.9807692307692307 1.046875
2700000 1.0384615384615385 1.515625
2750000 0.9807692307692307 0.875
2800000 1.0 1.171875
2850000 1.1346153846153846 1.0
2900000 0.7115384615384616 1.03125
2950000 0.9615384615384616 1.5
3000000 0.7884615384615384 1.0
