50000 6.423076923076923 0.15625
100000 7.711538461538462 0.28125
150000 7.9423076923076925 0.25
200000 7.846153846153846 0.203125
250000 7.9423076923076925 0.453125
300000 7.9423076923076925 0.171875
350000 7.826923076923077 0.21875
400000 7.634615384615385 0.1875
450000 7.576923076923077 0.203125
500000 7.865384615384615 0.21875
550000 7.9423076923076925 0.203125
600000 7.9423076923076925 0.21875
650000 7.519230769230769 0.15625
700000 7.961538461538462 0.203125
750000 7.634615384615385 0.21875
800000 7.653846153846154 0.21875
850000 7.961538461538462 0.984375
900000 7.615384615384615 0.28125
950000 8.326923076923077 0.21875
1000000 8.51923076923077 0.21875
1050000 8.51923076923077 0.203125
1100000 8.423076923076923 0.203125
1150000 8.51923076923077 0.203125
1200000 8.51923076923077 0.21875
1250000 8.51923076923077 0.15625
1300000 8.423076923076923 0.25
1350000 8.442307692307692 0.15625
1400000 8.326923076923077 0.203125
1450000 8.51923076923077 1.421875
1500000 8.48076923076923 0.21875
1550000 8.48076923076923 0.203125
1600000 8.51923076923077 0.203125
1650000 8.51923076923077 0.265625
1700000 8.461538461538462 0.25
1750000 8.51923076923077 0.15625
1800000 8.442307692307692 0.140625
1850000 8.51923076923077 0.140625
1900000 8.48076923076923 0.125
1950000 8.51923076923077 0.140625
2000000 8.48076923076923 0.140625
2050000 8.48076923076923 0.140625
2100000 8.48076923076923 0.140625
2150000 8.51923076923077 0.125
2200000 8.48076923076923 0.140625
2250000 8.51923076923077 0.140625
2300000 8.51923076923077 0.9375
2350000 8.48076923076923 0.140625
2400000 8.461538461538462 0.125
2450000 8.461538461538462 0.140625
2500000 8.51923076923077 0.140625
2550000 8.48076923076923 0.140625
2600000 8.48076923076923 0.140625
2650000 8.461538461538462 0.140625
2700000 8.423076923076923 0.125
2750000 8.423076923076923 0.140625
2800000 8.48076923076923 0.140625
2850000 8.48076923076923 0.140625
2900000 8.48076923076923 1.375
2950000 8.48076923076923 0.140625
3000000 8.48076923076923 0.140625
