50000 0.11538461538461539 0.0625
100000 0.9230769230769231 1.296875
150000 1.3269230769230769 1.375
200000 1.1730769230769231 1.375
250000 1.0961538461538463 1.375
300000 1.4423076923076923 1.53125
350000 1.6153846153846154 0.96875
400000 2.3846153846153846 1.34375
450000 3.230769230769231 1.375
500000 3.173076923076923 1.65625
550000 3.0961538461538463 1.484375
600000 2.980769230769231 1.375
650000 2.9615384615384617 1.546875
700000 3.0961538461538463 1.25
750000 2.8076923076923075 1.375
800000 2.8076923076923075 1.125
850000 3.25 1.515625
900000 3.2884615384615383 1.375
950000 3.326923076923077 1.5
1000000 3.480769230769231 1.5
1050000 3.326923076923077 1.375
1100000 3.4423076923076925 1.375
1150000 3.9038461538461537 1.4375
1200000 3.6538461538461537 1.484375
1250000 6.076923076923077 1.375
1300000 6.269230769230769 1.484375
1350000 6.673076923076923 1.5
1400000 6.5576923076923075 1.5
1450000 6.326923076923077 1.375
1500000 5.884615384615385 1.609375
1550000 5.8076923076923075 1.53125
1600000 5.673076923076923 1.5
1650000 5.903846153846154 1.015625
1700000 5.115384615384615 1.25
1750000 5.865384615384615 1.125
1800000 5.730769230769231 1.5
1850000 6.288461538461538 1.015625
1900000 6.1923076923076925 1.546875
1950000 5.711538461538462 1.5
2000000 6.019230769230769 1.5
2050000 5.826923076923077 1.546875
2100000 6.134615384615385 1.671875
2150000 6.096153846153846 1.453125
2200000 6.538461538461538 1.546875
2250000 6.384615384615385 1.40625
2300000 6.365384615384615 1.5
2350000 6.634615384615385 1.671875
2400000 5.865384615384615 1.375
2450000 5.615384615384615 1.546875
2500000 6.5576923076923075 1.125
2550000 6.461538461538462 1.375
2600000 5.211538461538462 1.125
2650000 5.634615384615385 1.46875
2700000 6.461538461538462 1.5
2750000 5.9423076923076925 1.375
2800000 6.0576923076923075 1.03125
2850000 5.865384615384615 1.515625
2900000 5.923076923076923 1.65625
2950000 5.961538461538462 1.5
3000000 6.25 1.46875
