50000 3.2884615384615383 0.09375
100000 5.884615384615385 0.125
150000 6.769230769230769 0.125
200000 6.230769230769231 0.125
250000 6.865384615384615 0.46875
300000 7.346153846153846 0.125
350000 6.615384615384615 0.125
400000 7.115384615384615 0.125
450000 7.8076923076923075 0.140625
500000 7.3076923076923075 0.125
550000 7.423076923076923 0.140625
600000 7.576923076923077 0.140625
650000 7.461538461538462 0.125
700000 7.538461538461538 0.140625
750000 7.769230769230769 0.125
800000 7.538461538461538 0.140625
850000 7.576923076923077 1.046875
900000 7.634615384615385 0.125
950000 7.596153846153846 0.125
1000000 7.5 0.125
1050000 7.673076923076923 0.125
1100000 7.596153846153846 0.125
1150000 7.673076923076923 0.125
1200000 7.769230769230769 0.125
1250000 7.903846153846154 0.140625
1300000 7.865384615384615 0.140625
1350000 7.903846153846154 0.125
1400000 7.826923076923077 0.140625
1450000 7.826923076923077 1.421875
1500000 7.769230769230769 0.125
1550000 7.8076923076923075 0.140625
1600000 7.673076923076923 0.140625
1650000 7.673076923076923 0.125
1700000 7.596153846153846 0.46875
1750000 7.8076923076923075 0.125
1800000 7.653846153846154 0.125
1850000 8.01923076923077 0.125
1900000 8.01923076923077 0.140625
1950000 7.923076923076923 0.125
2000000 7.865384615384615 0.125
2050000 7.8076923076923075 0.125
2100000 7.788461538461538 0.125
2150000 7.730769230769231 0.125
2200000 7.615384615384615 0.140625
2250000 7.769230769230769 0.140625
2300000 7.846153846153846 0.921875
2350000 7.6923076923076925 0.125
2400000 7.711538461538462 0.125
2450000 7.730769230769231 0.125
2500000 7.884615384615385 0.140625
2550000 7.846153846153846 0.140625
2600000 8.0 0.125
2650000 8.057692307692308 0.125
2700000 8.038461538461538 0.140625
2750000 7.865384615384615 0.125
2800000 7.903846153846154 0.125
2850000 8.0 0.140625
2900000 8.057692307692308 1.265625
2950000 8.01923076923077 0.125
3000000 8.038461538461538 0.140625
