50000 0.19230769230769232 0.0625
100000 1.25 1.0
150000 1.1730769230769231 1.375
200000 1.4615384615384615 1.0
250000 1.4615384615384615 1.5
300000 1.4230769230769231 1.375
350000 1.0192307692307692 1.25
400000 0.7884615384615384 1.359375
450000 0.7115384615384616 1.640625
500000 1.8461538461538463 1.375
550000 2.8076923076923075 1.125
600000 2.9038461538461537 1.5
650000 3.4038461538461537 1.546875
700000 3.5 1.46875
750000 3.769230769230769 1.375
800000 4.615384615384615 1.609375
850000 2.3076923076923075 1.375
900000 3.7884615384615383 1.59375
950000 3.8653846153846154 1.5
1000000 5.153846153846154 1.5
1050000 5.4423076923076925 1.375
1100000 5.711538461538462 1.515625
1150000 6.884615384615385 1.671875
1200000 6.730769230769231 1.125
1250000 6.019230769230769 1.25
1300000 6.211538461538462 1.5
1350000 6.365384615384615 1.5
1400000 6.769230769230769 1.5
1450000 6.480769230769231 1.5
1500000 6.480769230769231 1.125
1550000 6.365384615384615 1.5
1600000 6.461538461538462 1.65625
1650000 6.423076923076923 1.125
1700000 5.8076923076923075 1.5
1750000 6.230769230769231 1.390625
1800000 5.5576923076923075 1.125
1850000 5.730769230769231 1.5
1900000 6.269230769230769 1.375
1950000 6.288461538461538 1.375
2000000 6.384615384615385 1.546875
2050000 5.980769230769231 1.375
2100000 6.480769230769231 1.65625
2150000 6.403846153846154 1.375
2200000 6.346153846153846 1.5
2250000 5.846153846153846 1.5
2300000 6.480769230769231 1.5625
2350000 6.346153846153846 1.375
2400000 6.346153846153846 1.4375
2450000 6.115384615384615 1.625
2500000 6.019230769230769 1.53125
2550000 6.365384615384615 1.5
2600000 6.5 1.671875
2650000 6.461538461538462 1.125
2700000 6.326923076923077 1.0
2750000 5.903846153846154 1.640625
2800000 6.3076923076923075 1.5
2850000 6.1923076923076925 1.375
2900000 6.288461538461538 1.5
2950000 6.346153846153846 1.65625
3000000 6.346153846153846 1.5
