50000 0.15384615384615385 0.0625
100000 1.1538461538461537 1.375
150000 1.3076923076923077 1.375
200000 1.3076923076923077 1.25
250000 1.2115384615384615 1.265625
300000 1.5192307692307692 1.375
350000 1.3846153846153846 1.0
400000 1.5 1.375
450000 1.75 1.515625
500000 2.269230769230769 1.0
550000 3.6346153846153846 1.375
600000 3.7115384615384617 1.5
650000 3.423076923076923 1.5
700000 3.326923076923077 1.421875
750000 3.3653846153846154 1.46875
800000 3.576923076923077 1.453125
850000 4.115384615384615 1.46875
900000 5.615384615384615 1.078125
950000 4.980769230769231 1.5
1000000 5.173076923076923 1.046875
1050000 5.365384615384615 1.5
1100000 5.153846153846154 1.296875
1150000 5.403846153846154 1.671875
1200000 5.461538461538462 1.671875
1250000 5.461538461538462 1.5
1300000 5.980769230769231 1.375
1350000 5.865384615384615 1.609375
1400000 5.211538461538462 1.125
1450000 5.326923076923077 1.375
1500000 5.038461538461538 1.25
1550000 5.038461538461538 1.5
1600000 5.461538461538462 1.25
1650000 5.269230769230769 1.25
1700000 5.769230769230769 1.0
1750000 5.730769230769231 1.125
1800000 5.096153846153846 1.609375
1850000 5.903846153846154 1.015625
1900000 6.230769230769231 1.5
1950000 6.0 1.484375
2000000 6.115384615384615 1.375
2050000 6.153846153846154 1.5
2100000 5.711538461538462 1.375
2150000 5.961538461538462 1.5
2200000 6.538461538461538 1.640625
2250000 7.019230769230769 1.53125
2300000 5.653846153846154 1.453125
2350000 6.634615384615385 1.5
2400000 6.211538461538462 1.671875
2450000 6.5576923076923075 1.546875
2500000 6.576923076923077 1.375
2550000 6.346153846153846 1.375
2600000 6.673076923076923 1.4375
2650000 5.6923076923076925 0.984375
2700000 5.826923076923077 1.375
2750000 6.0 1.65625
2800000 6.480769230769231 1.5
2850000 5.25 1.5
2900000 6.480769230769231 1.0
2950000 5.9423076923076925 1.484375
3000000 6.019230769230769 1.375
