50000 0.11538461538461539 0.046875
100000 1.0192307692307692 1.25
150000 1.3461538461538463 1.375
200000 1.4615384615384615 1.53125
250000 1.2307692307692308 1.015625
300000 1.8076923076923077 1.34375
350000 1.2692307692307692 1.4375
400000 1.1730769230769231 1.375
450000 1.0769230769230769 1.53125
500000 1.4038461538461537 1.53125
550000 1.8846153846153846 1.375
600000 2.6923076923076925 1.484375
650000 3.5576923076923075 1.578125
700000 5.076923076923077 1.609375
750000 3.019230769230769 1.25
800000 2.1923076923076925 1.0
850000 3.3653846153846154 1.375
900000 3.3461538461538463 1.5
950000 4.153846153846154 1.5
1000000 3.4038461538461537 1.5
1050000 4.269230769230769 1.5625
1100000 4.019230769230769 1.5
1150000 4.903846153846154 1.5
1200000 3.2884615384615383 1.375
1250000 6.019230769230769 1.546875
1300000 6.096153846153846 1.484375
1350000 6.076923076923077 1.5
1400000 6.153846153846154 1.515625
1450000 6.0576923076923075 1.65625
1500000 6.269230769230769 1.625
1550000 7.076923076923077 1.546875
1600000 6.365384615384615 1.5
1650000 6.384615384615385 1.5
1700000 5.730769230769231 1.609375
1750000 5.519230769230769 1.484375
1800000 6.038461538461538 1.453125
1850000 6.134615384615385 1.53125
1900000 5.4423076923076925 1.34375
1950000 5.269230769230769 1.453125
2000000 5.461538461538462 1.53125
2050000 5.326923076923077 1.375
2100000 5.423076923076923 1.640625
2150000 5.384615384615385 1.265625
2200000 5.615384615384615 1.125
2250000 6.25 1.5625
2300000 5.788461538461538 1.5
2350000 5.615384615384615 1.53125
2400000 6.269230769230769 1.203125
2450000 6.596153846153846 1.4375
2500000 6.0576923076923075 1.125
2550000 6.769230769230769 1.5
2600000 6.5 1.46875
2650000 6.923076923076923 1.5625
2700000 6.711538461538462 1.5
2750000 6.403846153846154 1.671875
2800000 7.076923076923077 1.0
2850000 6.8076923076923075 1.546875
2900000 7.230769230769231 1.484375
2950000 6.5576923076923075 1.375
3000000 6.115384615384615 1.375
